5.200000e-02 0 0 0 0 0 0 0 0 0 0 
1.040000e-01 0 -1.574836e-02 -5.876608e-03 -3.913899e-03 0 -7.843177e-03 -1.955035e-03 -7.843177e-03 -7.843177e-03 -1.955035e-03 
1.560000e-01 0 -3.376686e-02 -1.376620e-02 -1.376620e-02 0 -1.376620e-02 -3.913899e-03 -1.178796e-02 -9.813621e-03 -3.913899e-03 
2.080000e-01 -1.955035e-03 -5.006050e-02 -1.376620e-02 -1.972451e-02 -7.843177e-03 -2.371653e-02 -3.913899e-03 -1.178796e-02 -9.813621e-03 -1.574836e-02 
2.600000e-01 -1.955035e-03 -6.038051e-02 -1.773445e-02 -2.772455e-02 -9.813621e-03 -2.571853e-02 -3.913899e-03 -1.972451e-02 -1.376620e-02 -1.574836e-02 
3.120000e-01 -9.813621e-03 -6.038051e-02 -1.972451e-02 -3.578911e-02 -1.773445e-02 -4.391923e-02 -7.843177e-03 -2.171852e-02 -1.574836e-02 -1.574836e-02 
3.640000e-01 -2.973460e-02 -6.662403e-02 -1.972451e-02 -5.211600e-02 -2.772455e-02 -5.006050e-02 -7.843177e-03 -2.973460e-02 -3.174870e-02 -3.376686e-02 
4.160000e-01 -4.391923e-02 -7.080813e-02 -4.188050e-02 -7.080813e-02 -3.376686e-02 -7.500982e-02 -9.813621e-03 -4.188050e-02 -3.984591e-02 -3.984591e-02 
4.680000e-01 -8.772186e-02 -1.027597e-01 -5.417573e-02 -8.772186e-02 -7.080813e-02 -1.114554e-01 -2.973460e-02 -5.417573e-02 -6.453852e-02 -5.006050e-02 
5.200000e-01 -1.268573e-01 -1.335314e-01 -5.623972e-02 -8.985633e-02 -9.413899e-02 -1.470147e-01 -6.453852e-02 -8.985633e-02 -8.772186e-02 -8.772186e-02 
5.720000e-01 -1.515499e-01 -1.933193e-01 -9.844007e-02 -1.335314e-01 -1.202274e-01 -1.675869e-01 -1.049266e-01 -1.425001e-01 -8.985633e-02 -1.380057e-01 
6.240000e-01 -1.956918e-01 -2.246095e-01 -1.538252e-01 -1.885912e-01 -1.561057e-01 -1.980699e-01 -1.698990e-01 -1.698990e-01 -1.027597e-01 -2.052384e-01 
6.760000e-01 -2.295114e-01 -2.876821e-01 -1.815406e-01 -2.270575e-01 -1.838853e-01 -2.295114e-01 -2.076394e-01 -1.862355e-01 -1.492797e-01 -2.369097e-01 
7.280000e-01 -2.696171e-01 -3.194308e-01 -2.246095e-01 -2.696171e-01 -2.028432e-01 -2.518726e-01 -2.543883e-01 -2.197314e-01 -2.221675e-01 -2.670628e-01 
7.800000e-01 -2.902896e-01 -3.356913e-01 -2.721779e-01 -3.034304e-01 -2.543883e-01 -2.955252e-01 -3.007884e-01 -2.443632e-01 -2.670628e-01 -3.007884e-01 
8.320000e-01 -3.194308e-01 -3.633939e-01 -3.384273e-01 -3.356913e-01 -2.850813e-01 -3.550022e-01 -3.248216e-01 -2.619737e-01 -3.275280e-01 -3.356913e-01 
8.840000e-01 -3.577916e-01 -3.803915e-01 -3.466804e-01 -3.466804e-01 -3.221226e-01 -3.605888e-01 -3.976830e-01 -3.113986e-01 -3.384273e-01 -3.861221e-01 
9.360000e-01 -4.362062e-01 -4.212135e-01 -3.633939e-01 -3.577916e-01 -3.356913e-01 -4.123245e-01 -4.514272e-01 -3.466804e-01 -3.803915e-01 -4.271836e-01 
9.880000e-01 -4.921214e-01 -4.422669e-01 -4.093790e-01 -3.918858e-01 -3.633939e-01 -4.606723e-01 -4.857520e-01 -3.550022e-01 -4.035139e-01 -4.606723e-01 
1.040000e+00 -5.245918e-01 -5.049833e-01 -4.182417e-01 -3.976830e-01 -4.035139e-01 -5.212969e-01 -5.017523e-01 -4.123245e-01 -4.212135e-01 -4.889316e-01 
1.092000e+00 -5.650014e-01 -5.147395e-01 -4.331897e-01 -4.301821e-01 -4.241941e-01 -5.788424e-01 -5.312144e-01 -4.575811e-01 -4.700036e-01 -5.650014e-01 
1.144000e+00 -5.858354e-01 -5.147395e-01 -4.700036e-01 -4.483645e-01 -4.422669e-01 -6.143071e-01 -5.345422e-01 -5.245918e-01 -5.345422e-01 -5.858354e-01 
1.196000e+00 -6.179238e-01 -5.312144e-01 -5.212969e-01 -4.794229e-01 -4.762732e-01 -6.436132e-01 -5.581520e-01 -5.718979e-01 -5.581520e-01 -6.071128e-01 
1.248000e+00 -6.585948e-01 -5.684437e-01 -5.718979e-01 -4.953214e-01 -4.921214e-01 -6.623755e-01 -5.753641e-01 -5.893504e-01 -5.684437e-01 -6.399027e-01 
1.300000e+00 -7.009904e-01 -5.893504e-01 -6.179238e-01 -5.147395e-01 -5.718979e-01 -6.931472e-01 -6.035350e-01 -6.325226e-01 -5.823328e-01 -6.892485e-01 
1.352000e+00 -7.370664e-01 -5.928777e-01 -6.548283e-01 -5.278976e-01 -6.035350e-01 -7.009904e-01 -6.473376e-01 -6.661706e-01 -6.251965e-01 -7.493869e-01 
1.404000e+00 -7.702645e-01 -6.143071e-01 -6.892485e-01 -5.513493e-01 -6.288528e-01 -7.208717e-01 -6.931472e-01 -7.049351e-01 -6.585948e-01 -8.089790e-01 
1.456000e+00 -7.702645e-01 -6.362058e-01 -7.168637e-01 -5.928777e-01 -6.473376e-01 -7.208717e-01 -7.128717e-01 -7.744928e-01 -6.661706e-01 -8.584273e-01 
1.508000e+00 -8.002453e-01 -6.510760e-01 -7.493869e-01 -6.548283e-01 -6.585948e-01 -7.289363e-01 -7.088955e-01 -8.177896e-01 -6.699801e-01 -9.056058e-01 
1.560000e+00 -8.177896e-01 -7.009904e-01 -7.787391e-01 -6.814966e-01 -7.168637e-01 -7.702645e-01 -7.618611e-01 -8.492529e-01 -6.699801e-01 -9.350197e-01 
1.612000e+00 -8.584273e-01 -7.168637e-01 -8.089790e-01 -6.931472e-01 -7.289363e-01 -8.177896e-01 -7.618611e-01 -8.584273e-01 -6.931472e-01 -9.756344e-01 
1.664000e+00 -8.864665e-01 -7.660540e-01 -8.266786e-01 -7.168637e-01 -7.872862e-01 -8.356472e-01 -7.660540e-01 -9.350197e-01 -7.208717e-01 -9.913006e-01 
1.716000e+00 -8.864665e-01 -8.177896e-01 -8.676866e-01 -7.329931e-01 -7.872862e-01 -8.446971e-01 -8.089790e-01 -9.704665e-01 -7.452632e-01 -1.007216e+00 
1.768000e+00 -9.251186e-01 -8.266786e-01 -9.153146e-01 -7.618611e-01 -7.959069e-01 -8.676866e-01 -8.311529e-01 -1.017969e+00 -7.787391e-01 -1.034318e+00 
1.820000e+00 -9.551209e-01 -8.266786e-01 -9.400073e-01 -8.002453e-01 -8.222242e-01 -8.723486e-01 -8.492529e-01 -1.034318e+00 -8.177896e-01 -1.056541e+00 
1.872000e+00 -9.602100e-01 -8.311529e-01 -1.007216e+00 -8.089790e-01 -8.723486e-01 -9.300569e-01 -8.492529e-01 -1.056541e+00 -8.401619e-01 -1.067841e+00 
1.924000e+00 -1.012578e+00 -8.538296e-01 -1.034318e+00 -8.266786e-01 -8.770325e-01 -9.350197e-01 -8.492529e-01 -1.056541e+00 -8.912171e-01 -1.132379e+00 
1.976000e+00 -1.056541e+00 -8.538296e-01 -1.096661e+00 -8.584273e-01 -8.770325e-01 -9.400073e-01 -8.584273e-01 -1.079269e+00 -9.756344e-01 -1.132379e+00 
2.028000e+00 -1.062175e+00 -8.723486e-01 -1.096661e+00 -8.959904e-01 -8.959904e-01 -9.450198e-01 -8.770325e-01 -1.090830e+00 -1.007216e+00 -1.132379e+00 
2.080000e+00 -1.120331e+00 -9.007865e-01 -1.108426e+00 -9.251186e-01 -9.007865e-01 -9.450198e-01 -9.007865e-01 -1.090830e+00 -1.062175e+00 -1.132379e+00 
2.132000e+00 -1.120331e+00 -9.202046e-01 -1.214444e+00 -9.400073e-01 -9.104485e-01 -9.450198e-01 -9.153146e-01 -1.138458e+00 -1.073539e+00 -1.132379e+00 
2.184000e+00 -1.120331e+00 -9.202046e-01 -1.214444e+00 -9.500576e-01 -9.153146e-01 -9.551209e-01 -9.756344e-01 -1.156920e+00 -1.144574e+00 -1.144574e+00 
2.236000e+00 -1.120331e+00 -9.400073e-01 -1.261591e+00 -9.808293e-01 -9.756344e-01 -9.756344e-01 -1.001883e+00 -1.194900e+00 -1.169420e+00 -1.144574e+00 
2.288000e+00 -1.144574e+00 -9.913006e-01 -1.311071e+00 -1.001883e+00 -9.808293e-01 -9.756344e-01 -1.045368e+00 -1.194900e+00 -1.182079e+00 -1.227689e+00 
2.340000e+00 -1.169420e+00 -1.007216e+00 -1.325670e+00 -1.034318e+00 -9.808293e-01 -1.001883e+00 -1.050939e+00 -1.241112e+00 -1.188469e+00 -1.227689e+00 
2.392000e+00 -1.169420e+00 -1.012578e+00 -1.333050e+00 -1.056541e+00 -1.001883e+00 -1.001883e+00 -1.050939e+00 -1.289565e+00 -1.188469e+00 -1.234378e+00 
2.444000e+00 -1.169420e+00 -1.017969e+00 -1.325670e+00 -1.056541e+00 -1.007216e+00 -1.001883e+00 -1.090830e+00 -1.333050e+00 -1.234378e+00 -1.303851e+00 
2.496000e+00 -1.241112e+00 -1.017969e+00 -1.363127e+00 -1.056541e+00 -1.007216e+00 -1.001883e+00 -1.102526e+00 -1.378512e+00 -1.275480e+00 -1.340485e+00 
2.548000e+00 -1.241112e+00 -1.017969e+00 -1.394138e+00 -1.102526e+00 -1.039828e+00 -1.001883e+00 -1.102526e+00 -1.378512e+00 -1.370790e+00 -1.370790e+00 
2.600000e+00 -1.241112e+00 -1.028838e+00 -1.394138e+00 -1.102526e+00 -1.039828e+00 -1.023389e+00 -1.096661e+00 -1.418043e+00 -1.378512e+00 -1.370790e+00 
2.652000e+00 -1.275480e+00 -1.028838e+00 -1.394138e+00 -1.114361e+00 -1.102526e+00 -1.023389e+00 -1.096661e+00 -1.442534e+00 -1.386294e+00 -1.370790e+00 
2.704000e+00 -1.275480e+00 -1.045368e+00 -1.394138e+00 -1.132379e+00 -1.132379e+00 -1.023389e+00 -1.163151e+00 -1.442534e+00 -1.394138e+00 -1.402043e+00 
2.756000e+00 -1.325670e+00 -1.079269e+00 -1.394138e+00 -1.144574e+00 -1.144574e+00 -1.045368e+00 -1.163151e+00 -1.442534e+00 -1.434304e+00 -1.418043e+00 
2.808000e+00 -1.394138e+00 -1.079269e+00 -1.394138e+00 -1.182079e+00 -1.150728e+00 -1.062175e+00 -1.169420e+00 -1.442534e+00 -1.434304e+00 -1.484734e+00 
2.860000e+00 -1.394138e+00 -1.073539e+00 -1.394138e+00 -1.207887e+00 -1.150728e+00 -1.090830e+00 -1.163151e+00 -1.450833e+00 -1.434304e+00 -1.493392e+00 
2.912000e+00 -1.442534e+00 -1.150728e+00 -1.502126e+00 -1.275480e+00 -1.163151e+00 -1.096661e+00 -1.221045e+00 -1.493392e+00 -1.434304e+00 -1.493392e+00 
2.964000e+00 -1.442534e+00 -1.188469e+00 -1.502126e+00 -1.275480e+00 -1.221045e+00 -1.169420e+00 -1.241112e+00 -1.493392e+00 -1.434304e+00 -1.502126e+00 
3.016000e+00 -1.484734e+00 -1.194900e+00 -1.510937e+00 -1.275480e+00 -1.261591e+00 -1.221045e+00 -1.289565e+00 -1.493392e+00 -1.493392e+00 -1.510937e+00 
3.068000e+00 -1.484734e+00 -1.194900e+00 -1.510937e+00 -1.318344e+00 -1.282498e+00 -1.234378e+00 -1.311071e+00 -1.565496e+00 -1.493392e+00 -1.528794e+00 
3.120000e+00 -1.546977e+00 -1.201372e+00 -1.510937e+00 -1.311071e+00 -1.282498e+00 -1.254718e+00 -1.363127e+00 -1.613352e+00 -1.510937e+00 -1.528794e+00 
3.172000e+00 -1.584364e+00 -1.188469e+00 -1.510937e+00 -1.386294e+00 -1.282498e+00 -1.275480e+00 -1.402043e+00 -1.613352e+00 -1.510937e+00 -1.528794e+00 
3.224000e+00 -1.584364e+00 -1.194900e+00 -1.519826e+00 -1.450833e+00 -1.282498e+00 -1.275480e+00 -1.402043e+00 -1.613352e+00 -1.510937e+00 -1.556193e+00 
3.276000e+00 -1.603596e+00 -1.194900e+00 -1.519826e+00 -1.459201e+00 -1.296682e+00 -1.275480e+00 -1.402043e+00 -1.603596e+00 -1.546977e+00 -1.556193e+00 
3.328000e+00 -1.613352e+00 -1.241112e+00 -1.528794e+00 -1.476151e+00 -1.303851e+00 -1.311071e+00 -1.402043e+00 -1.613352e+00 -1.546977e+00 -1.556193e+00 
3.380000e+00 -1.613352e+00 -1.241112e+00 -1.528794e+00 -1.502126e+00 -1.296682e+00 -1.303851e+00 -1.426140e+00 -1.623204e+00 -1.584364e+00 -1.565496e+00 
3.432000e+00 -1.613352e+00 -1.241112e+00 -1.528794e+00 -1.546977e+00 -1.296682e+00 -1.303851e+00 -1.450833e+00 -1.673976e+00 -1.584364e+00 -1.574886e+00 
3.484000e+00 -1.695030e+00 -1.241112e+00 -1.528794e+00 -1.546977e+00 -1.363127e+00 -1.333050e+00 -1.502126e+00 -1.663614e+00 -1.584364e+00 -1.623204e+00 
3.536000e+00 -1.705725e+00 -1.241112e+00 -1.556193e+00 -1.546977e+00 -1.363127e+00 -1.386294e+00 -1.502126e+00 -1.705725e+00 -1.584364e+00 -1.623204e+00 
3.588000e+00 -1.772417e+00 -1.241112e+00 -1.556193e+00 -1.546977e+00 -1.363127e+00 -1.402043e+00 -1.502126e+00 -1.760988e+00 -1.603596e+00 -1.623204e+00 
3.640000e+00 -1.772417e+00 -1.241112e+00 -1.556193e+00 -1.574886e+00 -1.363127e+00 -1.434304e+00 -1.510937e+00 -1.783977e+00 -1.603596e+00 -1.633154e+00 
3.692000e+00 -1.772417e+00 -1.261591e+00 -1.603596e+00 -1.623204e+00 -1.363127e+00 -1.426140e+00 -1.519826e+00 -1.783977e+00 -1.643205e+00 -1.663614e+00 
3.744000e+00 -1.772417e+00 -1.275480e+00 -1.633154e+00 -1.623204e+00 -1.363127e+00 -1.476151e+00 -1.537844e+00 -1.831605e+00 -1.643205e+00 -1.663614e+00 
3.796000e+00 -1.783977e+00 -1.347975e+00 -1.643205e+00 -1.623204e+00 -1.394138e+00 -1.476151e+00 -1.593934e+00 -1.831605e+00 -1.673976e+00 -1.653357e+00 
3.848000e+00 -1.783977e+00 -1.386294e+00 -1.653357e+00 -1.623204e+00 -1.394138e+00 -1.476151e+00 -1.603596e+00 -1.831605e+00 -1.673976e+00 -1.663614e+00 
3.900000e+00 -1.772417e+00 -1.426140e+00 -1.653357e+00 -1.623204e+00 -1.402043e+00 -1.493392e+00 -1.613352e+00 -1.831605e+00 -1.727465e+00 -1.663614e+00 
3.952000e+00 -1.831605e+00 -1.502126e+00 -1.653357e+00 -1.633154e+00 -1.402043e+00 -1.603596e+00 -1.673976e+00 -1.856298e+00 -1.727465e+00 -1.695030e+00 
4.004000e+00 -1.831605e+00 -1.574886e+00 -1.643205e+00 -1.633154e+00 -1.402043e+00 -1.623204e+00 -1.673976e+00 -1.881616e+00 -1.727465e+00 -1.727465e+00 
4.056000e+00 -1.831605e+00 -1.727465e+00 -1.653357e+00 -1.633154e+00 -1.434304e+00 -1.653357e+00 -1.673976e+00 -1.947865e+00 -1.727465e+00 -1.738515e+00 
4.108000e+00 -1.881616e+00 -1.807508e+00 -1.653357e+00 -1.633154e+00 -1.442534e+00 -1.653357e+00 -1.673976e+00 -1.947865e+00 -1.727465e+00 -1.738515e+00 
4.160000e+00 -1.856298e+00 -1.795673e+00 -1.673976e+00 -1.643205e+00 -1.442534e+00 -1.727465e+00 -1.673976e+00 -2.004218e+00 -1.727465e+00 -1.749688e+00 
4.212000e+00 -1.907591e+00 -1.807508e+00 -1.673976e+00 -1.643205e+00 -1.442534e+00 -1.727465e+00 -1.684448e+00 -2.004218e+00 -1.727465e+00 -1.772417e+00 
4.264000e+00 -1.907591e+00 -1.807508e+00 -1.673976e+00 -1.643205e+00 -1.442534e+00 -1.727465e+00 -1.684448e+00 -1.989829e+00 -1.772417e+00 -1.795673e+00 
4.316000e+00 -1.907591e+00 -1.807508e+00 -1.673976e+00 -1.653357e+00 -1.484734e+00 -1.727465e+00 -1.684448e+00 -2.048670e+00 -1.831605e+00 -1.783977e+00 
4.368000e+00 -1.907591e+00 -1.807508e+00 -1.673976e+00 -1.684448e+00 -1.484734e+00 -1.727465e+00 -1.727465e+00 -2.111190e+00 -1.831605e+00 -1.807508e+00 
4.420000e+00 -1.907591e+00 -1.934260e+00 -1.695030e+00 -1.673976e+00 -1.484734e+00 -1.727465e+00 -1.807508e+00 -2.143980e+00 -1.894519e+00 -1.819484e+00 
4.472000e+00 -1.907591e+00 -2.004218e+00 -1.907591e+00 -1.673976e+00 -1.484734e+00 -1.760988e+00 -1.881616e+00 -2.127451e+00 -1.947865e+00 -1.868877e+00 
4.524000e+00 -1.907591e+00 -2.004218e+00 -1.907591e+00 -1.673976e+00 -1.519826e+00 -1.772417e+00 -1.881616e+00 -2.143980e+00 -2.048670e+00 -1.856298e+00 
4.576000e+00 -1.907591e+00 -2.004218e+00 -1.947865e+00 -1.673976e+00 -1.510937e+00 -1.783977e+00 -1.881616e+00 -2.268033e+00 -2.160787e+00 -1.868877e+00 
4.628000e+00 -1.907591e+00 -2.004218e+00 -1.947865e+00 -1.673976e+00 -1.510937e+00 -1.868877e+00 -1.881616e+00 -2.249341e+00 -2.326302e+00 -1.868877e+00 
4.680000e+00 -1.907591e+00 -2.004218e+00 -1.947865e+00 -1.673976e+00 -1.510937e+00 -1.868877e+00 -1.881616e+00 -2.268033e+00 -2.367124e+00 -1.868877e+00 
4.732000e+00 -1.907591e+00 -2.004218e+00 -1.947865e+00 -1.673976e+00 -1.537844e+00 -1.868877e+00 -1.934260e+00 -2.268033e+00 -2.454135e+00 -1.868877e+00 
4.784000e+00 -1.894519e+00 -2.004218e+00 -1.947865e+00 -1.673976e+00 -1.537844e+00 -1.868877e+00 -1.934260e+00 -2.249341e+00 -2.454135e+00 -1.894519e+00 
4.836000e+00 -1.894519e+00 -2.004218e+00 -1.947865e+00 -1.673976e+00 -1.537844e+00 -1.868877e+00 -1.934260e+00 -2.268033e+00 -2.741817e+00 -1.894519e+00 
4.888000e+00 -1.907591e+00 -2.004218e+00 -1.975645e+00 -1.716536e+00 -1.537844e+00 -1.881616e+00 -1.975645e+00 -2.268033e+00 -2.772589e+00 -1.894519e+00 
4.940000e+00 -1.907591e+00 -2.004218e+00 -1.975645e+00 -1.749688e+00 -1.546977e+00 -1.881616e+00 -1.975645e+00 -2.268033e+00 -2.804337e+00 -1.907591e+00 
4.992000e+00 -1.907591e+00 -2.079442e+00 -2.004218e+00 -1.749688e+00 -1.546977e+00 -1.881616e+00 -1.975645e+00 -2.268033e+00 -2.804337e+00 -1.934260e+00 
5.044000e+00 -1.907591e+00 -2.079442e+00 -2.033632e+00 -1.738515e+00 -1.528794e+00 -1.881616e+00 -1.975645e+00 -2.268033e+00 -2.837127e+00 -1.934260e+00 
5.096000e+00 -1.907591e+00 -2.111190e+00 -2.127451e+00 -1.738515e+00 -1.546977e+00 -1.894519e+00 -1.975645e+00 -2.268033e+00 -2.837127e+00 -1.934260e+00 
