5.200000e-02 472 500 452 494 468 499 513 500 498 489 
1.040000e-01 587 599 602 604 578 578 580 589 592 586 
1.560000e-01 597 558 588 581 596 583 591 600 582 590 
2.080000e-01 601 554 599 579 587 589 598 579 593 593 
2.600000e-01 594 557 601 585 603 592 601 597 593 587 
3.120000e-01 605 543 583 590 591 576 589 594 590 596 
3.640000e-01 578 544 595 574 583 567 597 575 582 578 
4.160000e-01 564 545 579 555 593 568 607 585 601 581 
4.680000e-01 554 545 585 567 580 560 592 593 576 587 
5.200000e-01 551 529 582 555 559 547 579 578 568 582 
5.720000e-01 547 513 584 550 536 526 559 551 560 540 
6.240000e-01 534 493 550 518 523 517 531 558 527 534 
6.760000e-01 500 470 553 508 518 514 523 551 550 530 
7.280000e-01 469 468 523 472 522 497 529 538 502 520 
7.800000e-01 492 475 513 466 502 467 491 511 509 487 
8.320000e-01 501 433 493 451 488 438 480 513 476 485 
8.840000e-01 469 445 473 441 468 448 451 510 475 475 
9.360000e-01 433 440 485 431 467 418 418 472 460 478 
9.880000e-01 412 430 461 422 476 411 396 507 427 422 
1.040000e+00 388 381 454 429 435 388 381 466 445 441 
1.092000e+00 374 368 446 398 441 358 379 423 422 423 
1.144000e+00 345 381 415 403 443 323 373 444 394 424 
1.196000e+00 345 382 406 391 427 318 369 428 412 415 
1.248000e+00 332 374 379 407 414 296 360 434 411 391 
1.300000e+00 320 370 357 393 402 295 362 412 388 395 
1.352000e+00 320 349 325 387 384 304 333 427 380 362 
1.404000e+00 292 341 325 376 354 307 298 373 358 321 
1.456000e+00 305 356 334 383 361 275 306 362 369 315 
1.508000e+00 295 347 319 381 353 288 308 363 356 323 
1.560000e+00 301 338 291 366 327 273 294 328 365 295 
1.612000e+00 266 355 307 350 352 270 311 332 349 290 
1.664000e+00 266 313 281 354 324 264 306 330 338 284 
1.716000e+00 283 318 276 365 317 269 276 312 333 305 
1.768000e+00 272 324 273 341 346 246 277 289 311 280 
1.820000e+00 265 322 241 327 315 241 288 287 310 275 
1.872000e+00 247 323 229 344 310 243 288 292 301 276 
1.924000e+00 241 306 225 324 306 256 283 276 307 261 
1.976000e+00 229 319 190 338 323 239 285 288 255 275 
2.028000e+00 234 311 199 313 307 263 266 293 258 274 
2.080000e+00 191 285 202 302 318 237 277 294 235 268 
2.132000e+00 199 292 153 308 317 251 264 280 201 273 
2.184000e+00 188 282 155 307 306 247 239 280 224 269 
2.236000e+00 195 304 155 288 295 227 243 279 202 248 
2.288000e+00 191 298 141 293 279 233 219 271 212 237 
2.340000e+00 183 284 150 293 273 238 231 256 202 244 
2.392000e+00 195 280 139 262 281 232 221 262 204 235 
2.444000e+00 182 289 151 287 274 241 195 260 175 223 
2.496000e+00 208 273 127 251 275 236 196 259 169 202 
2.548000e+00 182 271 135 263 281 235 206 259 141 207 
2.600000e+00 194 274 132 266 280 222 203 253 157 187 
2.652000e+00 179 275 136 254 280 236 189 262 155 200 
2.704000e+00 173 266 136 242 257 216 184 264 161 201 
2.756000e+00 179 268 139 244 260 224 195 271 153 184 
2.808000e+00 152 269 126 240 269 222 182 261 134 165 
2.860000e+00 185 270 136 237 259 217 193 269 144 163 
2.912000e+00 172 258 115 235 266 202 172 252 134 147 
2.964000e+00 159 241 106 231 239 198 188 239 130 159 
3.016000e+00 166 229 123 229 230 206 180 251 129 165 
3.068000e+00 156 237 119 225 232 181 162 250 151 164 
3.120000e+00 153 232 108 231 226 190 191 237 110 176 
3.172000e+00 158 243 116 210 241 188 172 243 140 160 
3.224000e+00 162 254 115 215 246 185 155 250 129 162 
3.276000e+00 158 229 114 204 236 179 169 243 146 153 
3.328000e+00 163 232 99 199 235 176 173 250 128 173 
3.380000e+00 150 236 110 202 234 185 172 252 138 144 
3.432000e+00 162 221 111 206 228 180 163 239 144 144 
3.484000e+00 163 231 106 187 218 182 144 250 139 149 
3.536000e+00 143 239 90 194 214 160 147 247 126 156 
3.588000e+00 142 242 110 196 205 167 142 238 132 138 
3.640000e+00 138 233 97 192 217 163 146 245 136 148 
3.692000e+00 140 241 93 179 218 162 149 230 140 132 
3.744000e+00 150 233 97 191 202 169 163 231 131 132 
3.796000e+00 150 218 99 176 201 170 147 227 115 159 
3.848000e+00 136 232 79 190 218 173 139 230 122 143 
3.900000e+00 140 211 96 178 212 191 137 231 128 148 
3.952000e+00 129 205 95 179 206 160 111 226 121 132 
4.004000e+00 135 174 107 180 210 157 112 221 120 124 
4.056000e+00 142 141 97 190 215 163 117 209 128 132 
4.108000e+00 130 137 87 197 201 169 116 212 116 126 
4.160000e+00 142 128 85 182 196 147 106 211 121 124 
4.212000e+00 130 115 84 175 201 159 119 213 122 113 
4.264000e+00 133 128 82 188 199 153 108 209 111 124 
4.316000e+00 125 124 112 181 193 148 100 215 113 130 
4.368000e+00 139 109 88 191 197 147 108 215 105 111 
4.420000e+00 119 108 92 190 195 162 85 209 108 115 
4.472000e+00 122 67 82 190 197 150 92 215 95 104 
4.524000e+00 130 66 95 178 198 134 79 200 91 103 
4.576000e+00 134 68 78 183 193 150 104 186 75 101 
4.628000e+00 123 77 81 187 179 139 85 186 49 104 
4.680000e+00 122 74 68 198 194 131 98 189 40 114 
4.732000e+00 137 55 73 179 192 138 94 183 34 110 
4.784000e+00 135 67 81 172 200 124 91 187 39 108 
4.836000e+00 132 81 69 166 202 136 89 187 26 107 
4.888000e+00 132 69 76 171 186 120 97 179 24 105 
4.940000e+00 126 48 72 183 188 132 86 186 27 102 
4.992000e+00 126 61 78 183 189 121 85 191 33 101 
5.044000e+00 123 52 67 179 193 113 92 190 18 103 
5.096000e+00 133 58 65 173 184 130 87 184 22 110 
