5.200000e-02 4.019280e-02 3.179303e-02 4.227310e-02 2.854282e-02 3.040021e-02 3.744265e-02 2.821066e-02 5.206992e-02 2.905100e-02 4.282322e-02 
1.040000e-01 3.397998e-02 1.222020e-02 2.394245e-02 6.950496e-03 4.940203e-02 2.143648e-02 4.586444e-02 2.774936e-02 2.158436e-02 4.119826e-02 
1.560000e-01 3.221642e-02 2.754276e-02 4.839267e-02 3.224527e-02 1.855642e-02 2.706760e-02 2.226658e-02 4.709406e-02 3.521166e-02 3.771883e-02 
2.080000e-01 2.123761e-02 2.439908e-02 2.220050e-02 3.006310e-02 2.877616e-02 3.803478e-02 3.764541e-02 3.444057e-02 1.669252e-02 3.054159e-02 
2.600000e-01 3.472368e-02 1.380223e-02 1.956335e-02 3.480886e-02 4.283936e-02 3.189556e-02 2.455173e-02 4.030172e-02 1.551698e-02 3.568460e-02 
3.120000e-01 1.902568e-02 1.448787e-02 3.109725e-02 2.525554e-02 3.111295e-02 3.082082e-02 2.575164e-02 5.780188e-02 4.978856e-02 5.465808e-02 
3.640000e-01 3.918457e-02 2.035081e-02 2.999433e-02 1.379903e-02 4.793950e-02 3.674388e-02 3.418259e-02 3.941758e-02 2.284097e-02 3.819239e-02 
4.160000e-01 1.861568e-02 1.969211e-02 3.839240e-02 3.730767e-02 3.368391e-02 2.560829e-02 3.244496e-02 3.103366e-02 4.383384e-02 3.312654e-02 
4.680000e-01 2.982937e-02 3.295460e-02 4.740328e-02 2.629990e-02 1.544340e-02 2.974800e-02 2.313239e-02 1.946790e-02 5.678576e-02 1.163592e-02 
5.200000e-01 2.371850e-02 3.637926e-02 3.732563e-02 4.521144e-02 3.782103e-02 3.543869e-02 1.802426e-02 4.753588e-02 2.574597e-02 1.651531e-02 
5.720000e-01 4.231584e-02 5.606220e-02 1.029395e-02 2.811297e-02 5.137459e-02 3.457234e-02 1.182555e-02 5.590079e-02 3.449358e-02 2.030168e-02 
6.240000e-01 3.563197e-02 3.742424e-02 2.759193e-02 3.714653e-02 4.443421e-02 5.888303e-03 5.133886e-02 6.389344e-02 2.115373e-02 1.878810e-02 
6.760000e-01 3.470501e-02 3.360154e-02 5.537421e-02 5.403362e-02 2.697446e-02 2.479614e-02 4.530372e-02 1.604001e-02 3.311973e-02 4.670523e-02 
7.280000e-01 3.685542e-02 4.366759e-02 3.846748e-02 3.466993e-02 4.768316e-02 3.454191e-02 1.849528e-02 3.370679e-02 2.512653e-02 3.547855e-02 
7.800000e-01 6.422935e-02 3.295345e-02 3.973882e-02 1.333165e-02 3.504287e-02 1.783167e-02 3.420141e-02 3.000151e-02 3.825383e-02 3.358835e-02 
8.320000e-01 4.424635e-02 2.462415e-02 2.074429e-02 4.232405e-02 7.649158e-02 4.024532e-02 2.948900e-02 4.864711e-02 6.095050e-02 4.167548e-02 
8.840000e-01 2.704780e-02 2.407389e-02 2.485324e-02 5.371354e-02 5.226776e-02 4.985397e-02 2.970591e-02 2.842704e-02 3.908564e-02 3.987576e-02 
9.360000e-01 6.077027e-02 3.647765e-02 4.622815e-02 2.111162e-02 1.891998e-02 5.628076e-02 3.180411e-02 3.630828e-02 3.283645e-02 6.249725e-02 
9.880000e-01 8.784549e-02 4.331177e-02 4.763675e-02 1.652500e-02 2.776866e-02 2.781624e-02 4.965883e-02 3.452489e-02 1.645592e-02 4.321056e-02 
1.040000e+00 3.916263e-02 7.134346e-02 3.135260e-02 4.126037e-02 5.765825e-02 9.320436e-02 7.721413e-02 4.301648e-02 4.624027e-02 3.727778e-02 
1.092000e+00 5.356941e-02 5.628826e-02 4.968097e-02 5.175687e-02 1.791268e-02 6.318318e-02 8.326813e-02 4.006961e-02 5.893446e-02 4.367514e-02 
1.144000e+00 5.089062e-02 6.302964e-02 4.630320e-02 4.408047e-02 2.971312e-02 4.847756e-02 6.303035e-02 4.133974e-02 4.198114e-02 2.108412e-02 
1.196000e+00 5.311247e-02 6.156347e-02 6.833281e-02 5.982101e-02 6.603121e-02 7.295174e-02 2.412182e-02 3.964959e-02 8.021624e-02 5.808554e-02 
1.248000e+00 7.189918e-02 1.009236e-01 4.854038e-02 3.271339e-02 5.428446e-02 7.087837e-02 2.642839e-02 4.855023e-02 2.831594e-02 2.742318e-02 
1.300000e+00 6.974699e-02 6.111065e-02 6.377658e-02 4.018111e-02 1.631945e-02 1.019424e-01 6.204051e-02 3.143380e-02 3.336137e-02 4.054624e-02 
1.352000e+00 8.019622e-02 6.010796e-02 8.547592e-02 6.075025e-02 4.414963e-02 4.858675e-02 5.541216e-02 2.869093e-02 5.146425e-02 6.952386e-02 
1.404000e+00 7.730026e-02 8.693675e-02 7.152774e-02 6.238136e-02 4.804622e-02 9.744362e-02 9.958570e-02 4.528026e-02 7.778137e-02 1.107407e-01 
1.456000e+00 4.762735e-02 9.159977e-02 8.016600e-02 7.224950e-02 3.464144e-02 1.133231e-01 1.303873e-01 8.615686e-02 5.338154e-02 9.815796e-02 
1.508000e+00 7.689036e-02 4.972488e-02 6.639429e-02 3.468088e-02 3.920844e-02 7.767806e-02 7.684243e-02 8.466801e-02 3.243111e-02 1.656434e-01 
1.560000e+00 5.252913e-02 4.434071e-02 7.179733e-02 6.805102e-02 3.915662e-02 7.173932e-02 8.392640e-02 7.139516e-02 5.270490e-02 1.640916e-01 
1.612000e+00 1.307503e-01 6.795011e-02 1.082312e-01 6.842428e-02 3.546394e-02 1.245411e-01 9.885899e-02 1.422889e-01 5.329295e-02 1.265601e-01 
1.664000e+00 1.561358e-01 6.602401e-02 6.164423e-02 5.790772e-02 2.852646e-02 1.367567e-01 6.536954e-02 1.622669e-01 6.008542e-02 1.732122e-01 
1.716000e+00 1.062854e-01 6.893174e-02 4.876683e-02 5.361276e-02 4.895906e-02 1.265762e-01 8.410891e-02 9.900264e-02 1.024441e-01 1.185675e-01 
1.768000e+00 1.591360e-01 8.682912e-02 7.485560e-02 3.247177e-02 4.492033e-02 1.282889e-01 1.258960e-01 2.054125e-01 9.311862e-02 1.425016e-01 
1.820000e+00 1.374754e-01 8.095425e-02 5.548997e-02 6.720886e-02 1.175461e-01 9.005635e-02 1.112965e-01 2.079469e-01 9.135475e-02 1.659408e-01 
1.872000e+00 1.441573e-01 7.115703e-02 1.237017e-01 7.972984e-02 4.829056e-02 1.194930e-01 7.982686e-02 1.611885e-01 1.241136e-01 1.903626e-01 
1.924000e+00 1.238828e-01 6.640893e-02 1.130906e-01 6.180809e-02 7.305484e-02 1.214231e-01 7.636500e-02 2.067243e-01 6.613885e-02 1.811739e-01 
1.976000e+00 1.366465e-01 8.641539e-02 1.070741e-01 9.246960e-02 9.211430e-02 8.904124e-02 7.126050e-02 2.244596e-01 1.750343e-01 1.647669e-01 
2.028000e+00 1.873219e-01 7.727874e-02 1.600368e-01 1.431579e-01 7.645091e-02 5.314336e-02 8.940049e-02 1.747351e-01 1.687864e-01 1.359969e-01 
2.080000e+00 2.207871e-01 9.302153e-02 1.305554e-01 9.982601e-02 5.621194e-02 1.255043e-01 1.118186e-01 1.892883e-01 1.711712e-01 2.102805e-01 
2.132000e+00 2.126952e-01 7.274379e-02 1.811544e-01 1.148235e-01 6.237545e-02 8.568498e-02 5.527157e-02 1.936880e-01 1.750759e-01 1.451449e-01 
2.184000e+00 2.064484e-01 9.991620e-02 1.994840e-01 9.402812e-02 7.055625e-02 9.086530e-02 1.506131e-01 2.060111e-01 1.695549e-01 1.588138e-01 
2.236000e+00 2.212197e-01 1.136569e-01 1.915708e-01 1.311232e-01 9.372184e-02 1.142572e-01 1.569153e-01 2.321352e-01 2.076340e-01 1.538318e-01 
2.288000e+00 2.412173e-01 1.118874e-01 2.165937e-01 1.475194e-01 1.400649e-01 1.213991e-01 1.635973e-01 2.475750e-01 2.597904e-01 1.454374e-01 
2.340000e+00 2.575689e-01 9.261477e-02 1.794395e-01 1.688025e-01 1.330497e-01 1.626078e-01 9.783603e-02 2.173946e-01 2.223342e-01 1.808626e-01 
2.392000e+00 2.670228e-01 1.625286e-01 1.857635e-01 1.221835e-01 1.082023e-01 9.357805e-02 1.549018e-01 2.305580e-01 2.270356e-01 2.025350e-01 
2.444000e+00 2.455416e-01 1.214343e-01 2.074053e-01 2.177324e-01 1.758655e-01 1.338162e-01 1.932029e-01 2.482545e-01 2.766667e-01 1.557057e-01 
2.496000e+00 2.065634e-01 1.300408e-01 1.897357e-01 1.596855e-01 7.598615e-02 1.065857e-01 2.039468e-01 2.562675e-01 2.389908e-01 2.593151e-01 
2.548000e+00 2.236805e-01 1.058020e-01 2.167727e-01 2.045989e-01 1.615658e-01 1.340371e-01 1.791382e-01 2.695026e-01 3.076118e-01 2.600334e-01 
2.600000e+00 2.381131e-01 1.066407e-01 1.832910e-01 1.912698e-01 1.608602e-01 1.488722e-01 1.549073e-01 2.424108e-01 2.868256e-01 2.851959e-01 
2.652000e+00 2.464810e-01 1.704871e-01 1.716532e-01 2.219276e-01 9.939207e-02 1.505317e-01 1.907295e-01 2.390168e-01 3.190933e-01 3.159552e-01 
2.704000e+00 2.254537e-01 1.282818e-01 2.152184e-01 2.393963e-01 9.879298e-02 1.560257e-01 1.899537e-01 2.204866e-01 2.880678e-01 2.836154e-01 
2.756000e+00 2.662954e-01 1.386793e-01 2.488545e-01 2.629736e-01 1.657723e-01 1.313635e-01 1.462045e-01 2.609984e-01 3.190616e-01 3.254953e-01 
2.808000e+00 3.362574e-01 1.340802e-01 2.159371e-01 1.512876e-01 1.454184e-01 1.658160e-01 2.068440e-01 2.807632e-01 3.355917e-01 3.632024e-01 
2.860000e+00 2.886092e-01 1.353483e-01 2.600178e-01 1.843137e-01 1.515690e-01 1.511772e-01 1.667435e-01 2.300688e-01 3.402030e-01 3.603653e-01 
2.912000e+00 2.657793e-01 1.207570e-01 3.310568e-01 2.048804e-01 1.235647e-01 2.094232e-01 1.427666e-01 2.942430e-01 3.406636e-01 3.849614e-01 
2.964000e+00 2.776191e-01 1.649715e-01 3.900279e-01 1.624135e-01 1.661238e-01 2.202088e-01 1.308368e-01 2.582078e-01 3.089502e-01 3.364302e-01 
3.016000e+00 2.648018e-01 1.772752e-01 3.505348e-01 1.581407e-01 2.114238e-01 2.001948e-01 1.273870e-01 3.123749e-01 3.317740e-01 3.420301e-01 
3.068000e+00 2.928235e-01 2.028680e-01 3.535680e-01 1.912536e-01 2.090398e-01 2.222738e-01 2.033624e-01 2.680881e-01 3.305719e-01 3.460755e-01 
3.120000e+00 3.410795e-01 2.300612e-01 3.811846e-01 2.125632e-01 1.849379e-01 1.920735e-01 1.502779e-01 3.257646e-01 3.919806e-01 3.524611e-01 
3.172000e+00 3.420143e-01 1.689649e-01 3.743003e-01 2.020769e-01 1.513923e-01 2.063236e-01 1.803397e-01 2.801530e-01 3.542528e-01 3.712199e-01 
3.224000e+00 3.526816e-01 1.894865e-01 3.845764e-01 2.056220e-01 1.855455e-01 2.473015e-01 1.633428e-01 2.040109e-01 3.900001e-01 3.766450e-01 
3.276000e+00 3.500698e-01 1.629518e-01 4.046979e-01 1.926225e-01 2.654371e-01 2.442120e-01 1.851843e-01 2.853331e-01 3.638746e-01 3.414547e-01 
3.328000e+00 3.544408e-01 2.145321e-01 4.061227e-01 2.110473e-01 2.029848e-01 2.006729e-01 1.521297e-01 3.010926e-01 3.574651e-01 3.285751e-01 
3.380000e+00 3.575927e-01 2.081050e-01 3.533042e-01 1.947797e-01 2.441602e-01 2.529667e-01 1.872650e-01 3.280093e-01 3.241914e-01 3.680405e-01 
3.432000e+00 3.461042e-01 1.808880e-01 4.146813e-01 2.702838e-01 2.032741e-01 2.213915e-01 2.474816e-01 3.332131e-01 3.709641e-01 3.883941e-01 
3.484000e+00 3.095311e-01 1.628844e-01 3.691742e-01 2.564854e-01 2.500552e-01 2.251489e-01 2.576764e-01 2.905671e-01 3.569780e-01 4.161689e-01 
3.536000e+00 3.570890e-01 1.439904e-01 4.008020e-01 1.642325e-01 2.463280e-01 3.096424e-01 2.255904e-01 2.801488e-01 3.224553e-01 3.767688e-01 
3.588000e+00 4.092685e-01 1.680208e-01 3.516677e-01 2.466989e-01 2.408715e-01 2.481108e-01 2.286058e-01 3.371781e-01 3.467796e-01 4.045306e-01 
3.640000e+00 4.080824e-01 1.782333e-01 3.777252e-01 2.233284e-01 2.644281e-01 2.275613e-01 2.180184e-01 3.052495e-01 3.419378e-01 3.518782e-01 
3.692000e+00 3.719078e-01 1.818542e-01 4.130219e-01 1.989819e-01 2.630278e-01 2.360727e-01 2.564177e-01 2.568428e-01 3.634779e-01 4.164969e-01 
3.744000e+00 4.276640e-01 1.499673e-01 4.190622e-01 2.519247e-01 2.658497e-01 2.834159e-01 2.498655e-01 2.226162e-01 3.699286e-01 4.123960e-01 
3.796000e+00 4.126848e-01 2.102623e-01 3.982372e-01 2.019541e-01 2.453820e-01 2.831281e-01 2.685182e-01 2.494158e-01 4.053733e-01 3.528783e-01 
3.848000e+00 4.121228e-01 1.845941e-01 4.212469e-01 2.291418e-01 2.175853e-01 2.491039e-01 2.198485e-01 2.254092e-01 3.667455e-01 3.620022e-01 
3.900000e+00 3.906289e-01 2.261936e-01 4.140610e-01 2.452155e-01 2.476086e-01 2.650326e-01 2.940338e-01 2.502609e-01 4.235619e-01 3.823302e-01 
3.952000e+00 4.053449e-01 2.056736e-01 4.329430e-01 1.969827e-01 2.327046e-01 2.694018e-01 3.046670e-01 1.635819e-01 4.178321e-01 4.436326e-01 
4.004000e+00 4.328764e-01 2.392922e-01 4.143834e-01 2.651333e-01 2.820594e-01 2.227997e-01 3.120892e-01 1.335559e-01 4.106119e-01 4.184813e-01 
4.056000e+00 4.552167e-01 2.897185e-01 4.333082e-01 2.089301e-01 2.530178e-01 2.504755e-01 2.837217e-01 1.470269e-01 4.072804e-01 3.791547e-01 
4.108000e+00 3.989400e-01 3.239518e-01 3.575719e-01 2.161775e-01 2.108350e-01 2.356159e-01 2.855800e-01 1.830193e-01 3.939565e-01 4.332589e-01 
4.160000e+00 3.843386e-01 3.679050e-01 4.165573e-01 1.950018e-01 2.527888e-01 2.746295e-01 3.268828e-01 1.973554e-01 4.388403e-01 4.313870e-01 
4.212000e+00 4.450662e-01 3.754491e-01 3.777712e-01 2.328628e-01 2.928973e-01 2.540526e-01 3.151114e-01 1.769948e-01 4.226535e-01 4.573985e-01 
4.264000e+00 4.357184e-01 3.550941e-01 4.254903e-01 2.400520e-01 2.868631e-01 2.802351e-01 3.219847e-01 2.337176e-01 4.353205e-01 4.659622e-01 
4.316000e+00 4.896978e-01 3.753942e-01 3.918593e-01 2.772864e-01 2.480002e-01 2.946317e-01 3.273711e-01 1.883693e-01 4.637082e-01 4.213365e-01 
4.368000e+00 4.557911e-01 3.940208e-01 4.124805e-01 2.950964e-01 2.269086e-01 3.166433e-01 3.579522e-01 2.309329e-01 4.081313e-01 4.579952e-01 
4.420000e+00 4.648741e-01 4.093593e-01 3.899340e-01 2.556684e-01 2.426439e-01 2.892880e-01 3.761267e-01 2.706505e-01 4.640222e-01 4.306095e-01 
4.472000e+00 4.692056e-01 4.714475e-01 4.656757e-01 2.342812e-01 2.326801e-01 2.991843e-01 3.778268e-01 2.446826e-01 4.995549e-01 5.055067e-01 
4.524000e+00 4.339028e-01 4.691787e-01 4.524951e-01 2.528867e-01 2.194999e-01 3.063152e-01 4.019121e-01 2.960734e-01 4.771182e-01 4.531717e-01 
4.576000e+00 4.659813e-01 4.381535e-01 4.600669e-01 2.971039e-01 2.399294e-01 3.009580e-01 4.264458e-01 3.473809e-01 5.533969e-01 4.672207e-01 
4.628000e+00 4.425425e-01 4.564684e-01 4.435187e-01 2.763790e-01 2.415510e-01 3.242447e-01 3.873366e-01 3.628909e-01 5.764163e-01 4.611846e-01 
4.680000e+00 4.528615e-01 4.577650e-01 4.491594e-01 3.134786e-01 2.254233e-01 3.537359e-01 3.560455e-01 3.667359e-01 5.569239e-01 4.616430e-01 
4.732000e+00 4.399895e-01 4.730293e-01 5.004112e-01 2.604722e-01 2.458337e-01 3.493480e-01 4.299905e-01 3.503092e-01 6.069125e-01 4.750394e-01 
4.784000e+00 4.353960e-01 4.708575e-01 4.802870e-01 2.645300e-01 2.459062e-01 3.171882e-01 4.408855e-01 3.916754e-01 5.837708e-01 4.911331e-01 
4.836000e+00 4.475133e-01 4.550039e-01 4.531829e-01 2.594329e-01 2.705487e-01 3.257642e-01 4.169497e-01 3.269792e-01 5.890150e-01 4.619468e-01 
4.888000e+00 4.835374e-01 4.390586e-01 4.501441e-01 2.681317e-01 2.473702e-01 3.085226e-01 4.035672e-01 3.662638e-01 5.922735e-01 4.889367e-01 
4.940000e+00 4.356738e-01 4.936251e-01 4.850192e-01 3.039681e-01 2.500312e-01 3.048828e-01 4.013906e-01 3.424633e-01 5.681325e-01 4.555680e-01 
4.992000e+00 4.713028e-01 4.706056e-01 4.416965e-01 3.003340e-01 2.473439e-01 3.135624e-01 3.726499e-01 3.618694e-01 5.968800e-01 4.778942e-01 
5.044000e+00 4.632602e-01 4.706356e-01 4.781964e-01 2.809917e-01 2.522444e-01 3.200286e-01 4.054917e-01 3.327681e-01 6.415623e-01 4.735417e-01 
5.096000e+00 4.244479e-01 4.985861e-01 4.907292e-01 3.103929e-01 2.098698e-01 3.027638e-01 4.091161e-01 3.748557e-01 6.370391e-01 4.473355e-01 
