5.2e-05 0 0
0.005252 0 0
0.010452 -0.00089687 0.0028361
0.015652 -0.00089687 0.0028361
0.020852 -0.00089687 0.0028361
0.026052 -0.0017958 0.0043407
0.031252 -0.0017958 0.0043407
0.036452 -0.0017958 0.0043407
0.041652 -0.0022452 0.0048514
0.046852 -0.0026926 0.0048276
0.052052 -0.0026926 0.0048276
0.057252 -0.0022412 0.0038103
0.062452 -0.0031461 0.0060198
0.067652 -0.0035936 0.0059255
0.072852 -0.0044904 0.0059994
0.078052 -0.0044904 0.0059994
0.083252 -0.0044904 0.0059994
0.088452 -0.0044904 0.0059994
0.093652 -0.0053913 0.0066391
0.098852 -0.0053913 0.0066391
0.10405 -0.0053913 0.0066391
0.10925 -0.0053913 0.0066391
0.11445 -0.0053913 0.0066391
0.11965 -0.0058388 0.0063811
0.12485 -0.0062862 0.0060758
0.13005 -0.0062862 0.0060758
0.13525 -0.0062862 0.0060758
0.14045 -0.0062862 0.0060758
0.14565 -0.0058368 0.0060213
0.15085 -0.0062862 0.0060758
0.15605 -0.0058327 0.0052104
0.16125 -0.0062842 0.0056861
0.16645 -0.0062842 0.0056861
0.17165 -0.0067377 0.0064533
0.17685 -0.0085601 0.0096594
0.18205 -0.0085601 0.0096594
0.18725 -0.010832 0.011541
0.19245 -0.010832 0.011541
0.19765 -0.011739 0.011927
0.20285 -0.01264 0.011655
0.20805 -0.01264 0.011655
0.21325 -0.01264 0.011655
0.21845 -0.014458 0.012422
0.22365 -0.015376 0.013389
0.22885 -0.015823 0.012884
0.23405 -0.017194 0.013673
0.23925 -0.017194 0.013673
0.24445 -0.017639 0.012918
0.24965 -0.019478 0.014555
0.25485 -0.02181 0.018159
0.26005 -0.022265 0.018111
0.26525 -0.02318 0.01823
0.27045 -0.024102 0.018681
0.27565 -0.025024 0.019071
0.28085 -0.025954 0.019895
0.28605 -0.025954 0.019895
0.29125 -0.027342 0.020578
0.29645 -0.027342 0.020578
0.30165 -0.029159 0.019482
0.30685 -0.030093 0.02032
0.31205 -0.030547 0.019956
0.31725 -0.032857 0.020313
0.32245 -0.0338 0.021405
0.32765 -0.034746 0.022515
0.33285 -0.035666 0.022258
0.33805 -0.03708 0.023494
0.34325 -0.037997 0.023039
0.34845 -0.039839 0.022348
0.35365 -0.040767 0.022283
0.35885 -0.042179 0.023062
0.36405 -0.045456 0.023664
0.36925 -0.048284 0.024634
0.37445 -0.049215 0.024349
0.37965 -0.052016 0.02358
0.38485 -0.053407 0.022619
0.39005 -0.055714 0.02006
0.39525 -0.057637 0.021843
0.40045 -0.058116 0.022178
0.40565 -0.059082 0.023141
0.41085 -0.060535 0.0246
0.41605 -0.061015 0.024835
0.42125 -0.061968 0.024994
0.42645 -0.064821 0.025008
0.43165 -0.066682 0.022893
0.43685 -0.067639 0.023002
0.44205 -0.06859 0.022742
0.44725 -0.069551 0.022987
0.45245 -0.075832 0.024854
0.45765 -0.07824 0.024782
0.46285 -0.080662 0.025022
0.46805 -0.081624 0.024729
0.47325 -0.083542 0.023775
0.47845 -0.085002 0.023908
0.48365 -0.086002 0.025168
0.48885 -0.085019 0.024708
0.49405 -0.086491 0.025272
0.49925 -0.088883 0.023291
0.50445 -0.089369 0.023223
0.50965 -0.091326 0.023314
0.51485 -0.093805 0.024727
0.52005 -0.098716 0.024658
0.52525 -0.10683 0.032542
0.53045 -0.11132 0.032746
0.53565 -0.11381 0.032431
0.54085 -0.11577 0.031059
0.54605 -0.11882 0.032645
0.55125 -0.12135 0.032813
0.55645 -0.12736 0.031043
0.56165 -0.13147 0.032693
0.56685 -0.14404 0.04121
0.57205 -0.15403 0.045193
0.57725 -0.15659 0.044276
0.58245 -0.15656 0.043515
0.58765 -0.1603 0.045707
0.59285 -0.16728 0.049134
0.59805 -0.17047 0.049588
0.60325 -0.177 0.05336
0.60845 -0.18321 0.059915
0.61365 -0.18733 0.066479
0.61885 -0.19327 0.066677
0.62405 -0.19775 0.068992
0.62925 -0.20587 0.076568
0.63445 -0.20919 0.076942
0.63965 -0.21271 0.08015
0.64485 -0.21448 0.081807
0.65005 -0.2151 0.082754
0.65525 -0.22046 0.080321
0.66045 -0.22214 0.080709
0.66565 -0.22432 0.080017
0.67085 -0.22722 0.081655
0.67605 -0.23185 0.083739
0.68125 -0.23711 0.086361
0.68645 -0.24111 0.086927
0.69165 -0.24619 0.086553
0.69685 -0.24961 0.086503
0.70205 -0.25193 0.086837
0.70725 -0.25671 0.089293
0.71245 -0.26264 0.0914
0.71765 -0.26905 0.091584
0.72285 -0.27557 0.092495
0.72805 -0.27898 0.091068
0.73325 -0.28254 0.091374
0.73845 -0.28558 0.092416
0.74365 -0.29348 0.094388
0.74885 -0.30121 0.093651
0.75405 -0.30626 0.096495
0.75925 -0.31415 0.096527
0.76445 -0.32312 0.10137
0.76965 -0.32556 0.10117
0.77485 -0.33423 0.10114
0.78005 -0.33885 0.1039
0.78525 -0.34293 0.10756
0.79045 -0.34849 0.11282
0.79565 -0.35343 0.11145
0.80085 -0.35825 0.10915
0.80605 -0.36165 0.11125
0.81125 -0.37107 0.11576
0.81645 -0.37772 0.11754
0.82165 -0.38523 0.1148
0.82685 -0.38983 0.11489
0.83205 -0.39654 0.1162
0.83725 -0.4048 0.11876
0.84245 -0.41198 0.11712
0.84765 -0.4286 0.1205
0.85285 -0.43529 0.12533
0.85805 -0.44273 0.13005
0.86325 -0.44709 0.13174
0.86845 -0.45401 0.13741
0.87365 -0.45841 0.13375
0.87885 -0.46116 0.12744
0.88405 -0.46928 0.13052
0.88925 -0.47515 0.13217
0.89445 -0.48115 0.13448
0.89965 -0.49194 0.13418
0.90485 -0.49633 0.13424
0.91005 -0.50559 0.13794
0.91525 -0.50938 0.13869
0.92045 -0.51964 0.14364
0.92565 -0.52734 0.14004
0.93085 -0.53179 0.13953
0.93605 -0.53808 0.14142
0.94125 -0.54626 0.14
0.94645 -0.54664 0.13724
0.95165 -0.55264 0.13623
0.95685 -0.5588 0.12983
0.96205 -0.57176 0.13424
0.96725 -0.57504 0.13548
0.97245 -0.57893 0.13481
0.97765 -0.58424 0.1327
0.98285 -0.5864 0.13075
0.98805 -0.58809 0.13152
0.99325 -0.59414 0.12891
0.99845 -0.59397 0.12735
1.0037 -0.60479 0.13016
1.0089 -0.6085 0.12725
1.0141 -0.61323 0.12551
1.0193 -0.62065 0.12592
1.0245 -0.62475 0.11875
1.0297 -0.63132 0.11807
1.0349 -0.63477 0.11889
1.0401 -0.63901 0.11944
1.0453 -0.6424 0.11954
1.0505 -0.63974 0.11834
1.0557 -0.63974 0.11834
1.0609 -0.6418 0.11422
1.0661 -0.64718 0.10923
1.0713 -0.65502 0.1113
1.0765 -0.66306 0.10566
1.0817 -0.66703 0.10196
1.0869 -0.66786 0.10149
1.0921 -0.67218 0.10127
1.0973 -0.67854 0.1037
1.1025 -0.68023 0.10306
1.1077 -0.68503 0.10726
1.1129 -0.68488 0.10559
1.1181 -0.68663 0.10555
1.1233 -0.69525 0.1124
1.1285 -0.6997 0.11223
1.1337 -0.70478 0.10912
1.1389 -0.7046 0.10742
1.1441 -0.70672 0.1106
1.1493 -0.71638 0.11652
1.1545 -0.71883 0.11397
1.1597 -0.72357 0.11551
1.1649 -0.72998 0.11562
1.1701 -0.73881 0.12069
1.1753 -0.74185 0.12331
1.1805 -0.74818 0.13006
1.1857 -0.74544 0.1306
1.1909 -0.74887 0.12771
1.1961 -0.75334 0.12546
1.2013 -0.75828 0.12727
1.2065 -0.76407 0.13629
1.2117 -0.7668 0.13518
1.2169 -0.76981 0.13629
1.2221 -0.77368 0.13658
1.2273 -0.7712 0.13968
1.2325 -0.77896 0.13212
1.2377 -0.7855 0.12984
1.2429 -0.79158 0.14061
1.2481 -0.79261 0.14102
1.2533 -0.79966 0.14301
1.2585 -0.80263 0.14307
1.2637 -0.80826 0.14042
1.2689 -0.81204 0.13877
1.2741 -0.82019 0.14829
1.2793 -0.82542 0.14995
1.2845 -0.83416 0.1466
1.2897 -0.83897 0.14412
1.2949 -0.84648 0.1461
1.3001 -0.85303 0.1482
1.3053 -0.85303 0.1482
1.3105 -0.85869 0.14432
1.3157 -0.86812 0.15177
1.3209 -0.8779 0.14532
1.3261 -0.88204 0.14435
1.3313 -0.88812 0.14178
1.3365 -0.88982 0.13845
1.3417 -0.89583 0.13468
1.3469 -0.90118 0.13365
1.3521 -0.91505 0.14834
1.3573 -0.9177 0.15186
1.3625 -0.92074 0.14917
1.3677 -0.92231 0.15268
1.3729 -0.92767 0.15904
1.3781 -0.93467 0.16043
1.3833 -0.94024 0.15964
1.3885 -0.94234 0.15863
1.3937 -0.94428 0.15635
1.3989 -0.9626 0.16441
1.4041 -0.96756 0.1667
1.4093 -0.96701 0.16297
1.4145 -0.97192 0.16485
1.4197 -0.9771 0.16797
1.4249 -0.98855 0.17385
1.4301 -0.99501 0.17831
1.4353 -0.99929 0.1686
1.4405 -0.99929 0.1686
1.4457 -0.99924 0.16826
1.4509 -1.0057 0.1799
1.4561 -1.0058 0.18049
1.4613 -1.0046 0.18071
1.4665 -1.0057 0.1799
1.4717 -1.0139 0.1709
1.4769 -1.0115 0.17128
1.4821 -1.0134 0.16676
1.4873 -1.0147 0.16765
1.4925 -1.017 0.16655
1.4977 -1.017 0.16655
1.5029 -1.0236 0.16998
1.5081 -1.0314 0.16376
1.5133 -1.0342 0.16581
1.5185 -1.0345 0.1675
1.5237 -1.0473 0.16069
1.5289 -1.05 0.16181
1.5341 -1.0554 0.16375
1.5393 -1.0551 0.16211
1.5445 -1.0592 0.164
1.5497 -1.0644 0.15647
1.5549 -1.0644 0.15608
1.5601 -1.0691 0.15293
1.5653 -1.0777 0.15909
1.5705 -1.0818 0.16055
1.5757 -1.094 0.16419
1.5809 -1.0961 0.16926
1.5861 -1.0981 0.16486
1.5913 -1.102 0.16385
1.5965 -1.0978 0.16274
1.6017 -1.1057 0.16169
1.6069 -1.113 0.16582
1.6121 -1.1175 0.16899
1.6173 -1.1186 0.17592
1.6225 -1.1244 0.17915
1.6277 -1.1289 0.18099
1.6329 -1.1365 0.1861
1.6381 -1.134 0.18786
1.6433 -1.1492 0.19603
1.6485 -1.1505 0.20336
1.6537 -1.1598 0.20867
1.6589 -1.1621 0.21354
1.6641 -1.1723 0.22418
1.6693 -1.1723 0.22418
1.6745 -1.1772 0.22004
1.6797 -1.181 0.21751
1.6849 -1.1824 0.21679
1.6901 -1.1811 0.2178
1.6953 -1.1811 0.2178
1.7005 -1.184 0.21754
1.7057 -1.1855 0.21789
1.7109 -1.187 0.21836
1.7161 -1.1873 0.21969
1.7213 -1.1944 0.21871
1.7265 -1.2049 0.23657
1.7317 -1.2108 0.23689
1.7369 -1.225 0.2514
1.7421 -1.2269 0.25328
1.7473 -1.228 0.25165
1.7525 -1.2305 0.24949
1.7577 -1.2402 0.25184
1.7629 -1.2459 0.25047
1.7681 -1.2496 0.24672
1.7733 -1.2494 0.24612
1.7785 -1.2507 0.24508
1.7837 -1.252 0.24403
1.7889 -1.2472 0.24296
1.7941 -1.2503 0.24301
1.7993 -1.2489 0.24405
1.8045 -1.2478 0.23774
1.8097 -1.2516 0.24223
1.8149 -1.2516 0.24223
1.8201 -1.2581 0.23683
1.8253 -1.2638 0.2342
1.8305 -1.2717 0.23482
1.8357 -1.2754 0.23788
1.8409 -1.2747 0.23424
1.8461 -1.2999 0.23379
1.8513 -1.303 0.24229
1.8565 -1.3223 0.28391
1.8617 -1.3273 0.27826
1.8669 -1.3313 0.2744
1.8721 -1.3326 0.27292
1.8773 -1.334 0.27204
1.8825 -1.334 0.27204
1.8877 -1.3327 0.27319
1.8929 -1.334 0.27204
1.8981 -1.3489 0.30577
1.9033 -1.3685 0.34472
1.9085 -1.3685 0.34472
1.9137 -1.3644 0.33339
1.9189 -1.373 0.34244
1.9241 -1.373 0.34244
1.9293 -1.3758 0.34591
1.9345 -1.3817 0.34822
1.9397 -1.3833 0.34754
1.9449 -1.3819 0.34866
1.9501 -1.3864 0.34622
1.9553 -1.3836 0.34821
1.9605 -1.396 0.34257
1.9657 -1.397 0.34031
1.9709 -1.4059 0.33126
1.9761 -1.4134 0.34768
1.9813 -1.418 0.34477
1.9865 -1.4195 0.3439
1.9917 -1.4191 0.34271
1.9969 -1.415 0.33201
2.0021 -1.415 0.33201
2.0073 -1.4213 0.34352
2.0125 -1.4245 0.3421
2.0177 -1.4342 0.33773
2.0229 -1.4378 0.33714
2.0281 -1.4398 0.33765
2.0333 -1.4398 0.33765
2.0385 -1.4417 0.33772
2.0437 -1.4417 0.33772
2.0489 -1.4417 0.33772
2.0541 -1.4447 0.33539
2.0593 -1.4497 0.33327
2.0645 -1.4457 0.33268
2.0697 -1.4532 0.32702
2.0749 -1.4516 0.32811
2.0801 -1.4585 0.3256
2.0853 -1.4523 0.3142
2.0905 -1.4616 0.32318
2.0957 -1.4599 0.32404
2.1009 -1.4681 0.32555
2.1061 -1.4698 0.32484
2.1113 -1.4712 0.32322
2.1165 -1.476 0.31995
2.1217 -1.4741 0.32011
2.1269 -1.4722 0.32038
2.1321 -1.4845 0.32229
2.1373 -1.4849 0.32358
2.1425 -1.4934 0.32625
2.1477 -1.4959 0.32806
2.1529 -1.4942 0.3291
2.1581 -1.5086 0.32399
2.1633 -1.5148 0.31821
2.1685 -1.5169 0.31831
2.1737 -1.5169 0.31831
2.1789 -1.5211 0.31287
2.1841 -1.5205 0.31106
2.1893 -1.5201 0.30945
2.1945 -1.5304 0.3176
2.1997 -1.5304 0.3176
2.2049 -1.5304 0.3176
2.2101 -1.5304 0.3176
2.2153 -1.5304 0.3176
2.2205 -1.5286 0.31854
2.2257 -1.5263 0.31758
2.2309 -1.5474 0.32568
2.2361 -1.556 0.33585
2.2413 -1.5495 0.33466
2.2465 -1.5582 0.33584
2.2517 -1.5634 0.33249
2.2569 -1.5687 0.32906
2.2621 -1.5828 0.32009
2.2673 -1.5845 0.31851
2.2725 -1.5834 0.32198
2.2777 -1.5921 0.31266
2.2829 -1.5962 0.32152
2.2881 -1.5962 0.32152
2.2933 -1.5962 0.32152
2.2985 -1.5947 0.32339
2.3037 -1.5921 0.31266
2.3089 -1.5962 0.32152
2.3141 -1.5962 0.32152
2.3193 -1.5962 0.32152
2.3245 -1.6061 0.31865
2.3297 -1.6111 0.32115
2.3349 -1.6172 0.31896
2.3401 -1.6172 0.31896
2.3453 -1.6167 0.31763
2.3505 -1.6199 0.31384
2.3557 -1.6199 0.31384
2.3609 -1.6236 0.31133
2.3661 -1.6236 0.31133
2.3713 -1.6212 0.31055
2.3765 -1.6181 0.30711
2.3817 -1.6212 0.31055
2.3869 -1.6212 0.31055
2.3921 -1.6236 0.31133
2.3973 -1.6335 0.32395
2.4025 -1.637 0.32905
2.4077 -1.6352 0.33059
2.4129 -1.6352 0.32217
2.4181 -1.6387 0.32727
2.4233 -1.6456 0.3204
2.4285 -1.6508 0.31514
2.4337 -1.6491 0.31712
2.4389 -1.6577 0.31471
2.4441 -1.6568 0.31143
2.4493 -1.6568 0.31143
2.4545 -1.6595 0.31295
2.4597 -1.6577 0.31471
2.4649 -1.6554 0.30479
2.4701 -1.653 0.30428
2.4753 -1.6625 0.31484
2.4805 -1.6656 0.31721
2.4857 -1.6656 0.31721
2.4909 -1.6666 0.31294
2.4961 -1.6706 0.3182
2.5013 -1.6741 0.31446
2.5065 -1.6874 0.31921
2.5117 -1.6846 0.31798
2.5169 -1.6874 0.31921
2.5221 -1.6874 0.31921
2.5273 -1.693 0.32167
2.5325 -1.6972 0.31965
2.5377 -1.7114 0.32709
2.5429 -1.7056 0.32377
2.5481 -1.7114 0.32709
2.5533 -1.7114 0.32709
2.5585 -1.7114 0.32709
2.5637 -1.7152 0.32349
2.5689 -1.7161 0.31874
2.5741 -1.7188 0.31966
2.5793 -1.7188 0.31966
2.5845 -1.7281 0.32647
2.5897 -1.7315 0.32988
2.5949 -1.7527 0.34204
2.6001 -1.7527 0.34204
2.6053 -1.754 0.34595
2.6105 -1.754 0.34595
2.6157 -1.7557 0.3438
2.6209 -1.7557 0.3438
2.6261 -1.7557 0.3438
2.6313 -1.754 0.34595
2.6365 -1.7556 0.34236
2.6417 -1.7583 0.34263
2.6469 -1.7628 0.3409
2.6521 -1.7628 0.3409
2.6573 -1.7628 0.3409
2.6625 -1.7646 0.33873
2.6677 -1.7683 0.33453
2.6729 -1.7683 0.33453
2.6781 -1.7683 0.33453
2.6833 -1.7702 0.33251
2.6885 -1.7671 0.33084
2.6937 -1.7853 0.36288
2.6989 -1.7884 0.36423
2.7041 -1.7884 0.36423
2.7093 -1.785 0.36173
2.7145 -1.7884 0.36423
2.7197 -1.7884 0.36423
2.7249 -1.7868 0.36664
2.7301 -1.7884 0.36423
2.7353 -1.7884 0.36423
2.7405 -1.7865 0.36618
2.7457 -1.7865 0.36618
2.7509 -1.7864 0.35852
2.7561 -1.7904 0.34558
2.7613 -1.7953 0.35485
2.7665 -1.7934 0.35689
2.7717 -1.7953 0.35485
2.7769 -1.7953 0.35485
2.7821 -1.7989 0.35035
2.7873 -1.8027 0.34602
2.7925 -1.8062 0.34891
2.7977 -1.8127 0.35236
2.8029 -1.8159 0.34623
2.8081 -1.8255 0.35111
2.8133 -1.8356 0.34073
2.8185 -1.849 0.33014
2.8237 -1.8507 0.32732
2.8289 -1.8513 0.32952
2.8341 -1.8722 0.32544
2.8393 -1.8763 0.32047
2.8445 -1.8745 0.32351
2.8497 -1.8763 0.32047
2.8549 -1.8788 0.31903
2.8601 -1.8893 0.30743
2.8653 -1.8893 0.30743
2.8705 -1.8933 0.31214
2.8757 -1.8863 0.30781
2.8809 -1.8915 0.3052
2.8861 -1.9004 0.30546
2.8913 -1.897 0.30386
2.8965 -1.9004 0.30546
2.9017 -1.8985 0.30855
2.9069 -1.9039 0.30749
2.9121 -1.9018 0.31025
2.9173 -1.9018 0.31025
2.9225 -1.9039 0.30749
2.9277 -1.9039 0.30749
2.9329 -1.9008 0.30718
2.9381 -1.9008 0.30718
2.9433 -1.9008 0.30718
2.9485 -1.8973 0.3051
2.9537 -1.9008 0.30718
2.9589 -1.9008 0.30718
2.9641 -1.9039 0.30749
2.9693 -1.9039 0.30749
2.9745 -1.9039 0.30749
2.9797 -1.9039 0.30749
2.9849 -1.9039 0.30749
2.9901 -1.9039 0.30749
2.9953 -1.9039 0.30749
3.0005 -1.8998 0.30286
3.0057 -1.9039 0.30749
3.0109 -1.9039 0.30749
3.0161 -1.9039 0.30749
3.0213 -1.9039 0.30749
3.0265 -1.9018 0.31025
3.0317 -1.9018 0.31025
3.0369 -1.8996 0.31253
3.0421 -1.9039 0.30749
3.0473 -1.9032 0.30503
3.0525 -1.9134 0.29934
3.0577 -1.9185 0.29613
3.0629 -1.924 0.29368
3.0681 -1.9212 0.2948
3.0733 -1.9282 0.28776
3.0785 -1.9327 0.28212
3.0837 -1.9327 0.28212
3.0889 -1.9304 0.2849
3.0941 -1.9327 0.28212
3.0993 -1.9327 0.28212
3.1045 -1.9278 0.27311
3.1097 -1.9307 0.2857
3.1149 -1.9327 0.28212
3.1201 -1.9356 0.28147
3.1253 -1.9439 0.27619
3.1305 -1.9525 0.28623
3.1357 -1.9559 0.28672
3.1409 -1.9617 0.27548
3.1461 -1.9623 0.26665
3.1513 -1.9623 0.26665
3.1565 -1.96 0.26986
3.1617 -1.96 0.26986
3.1669 -1.9714 0.27769
3.1721 -1.979 0.28275
3.1773 -1.979 0.28275
3.1825 -1.9812 0.27952
3.1877 -1.9877 0.26823
3.1929 -1.9859 0.25918
3.1981 -1.9838 0.26317
3.2033 -1.9838 0.26317
3.2085 -1.9887 0.27139
3.2137 -1.9907 0.26748
3.2189 -1.9818 0.25514
3.2241 -1.9872 0.26642
3.2293 -1.9841 0.26713
3.2345 -1.999 0.26116
3.2397 -1.999 0.26116
3.2449 -1.9959 0.26203
3.2501 -1.999 0.26116
3.2553 -2.0124 0.27739
3.2605 -2.0207 0.28525
3.2657 -2.0207 0.28525
3.2709 -2.0207 0.28525
3.2761 -2.0406 0.32827
3.2813 -2.0431 0.32549
3.2865 -2.0431 0.32549
3.2917 -2.0382 0.31959
3.2969 -2.036 0.32495
3.3021 -2.0406 0.32827
3.3073 -2.0406 0.32827
3.3125 -2.0431 0.32549
3.3177 -2.0431 0.32549
3.3229 -2.0431 0.32549
3.3281 -2.0431 0.32549
3.3333 -2.0459 0.32353
3.3385 -2.0548 0.31891
3.3437 -2.0518 0.32022
3.3489 -2.0548 0.31891
3.3541 -2.0548 0.31891
3.3593 -2.0528 0.32265
3.3645 -2.0528 0.32265
3.3697 -2.0528 0.32265
3.3749 -2.0528 0.32265
3.3801 -2.0548 0.31891
3.3853 -2.0478 0.31865
3.3905 -2.0489 0.32171
3.3957 -2.0458 0.32295
3.4009 -2.0489 0.32171
3.4061 -2.0524 0.32185
3.4113 -2.0626 0.33472
3.4165 -2.0747 0.3558
3.4217 -2.0747 0.3558
3.4269 -2.0747 0.3558
3.4321 -2.088 0.35292
3.4373 -2.0905 0.34996
3.4425 -2.0905 0.34996
3.4477 -2.0905 0.34996
3.4529 -2.0992 0.33555
3.4581 -2.0961 0.33725
3.4633 -2.0967 0.33871
3.4685 -2.1047 0.32023
3.4737 -2.1087 0.32173
3.4789 -2.1063 0.3251
3.4841 -2.1087 0.32173
3.4893 -2.1087 0.32173
3.4945 -2.1063 0.3251
3.4997 -2.1063 0.3251
3.5049 -2.1063 0.3251
3.5101 -2.1063 0.3251
3.5153 -2.1038 0.32842
3.5205 -2.1063 0.3251
3.5257 -2.1087 0.32173
3.5309 -2.1087 0.32173
3.5361 -2.1087 0.32173
3.5413 -2.1087 0.32173
3.5465 -2.1152 0.31874
3.5517 -2.1221 0.31696
3.5569 -2.1326 0.30368
3.5621 -2.1326 0.30368
3.5673 -2.1326 0.30368
3.5725 -2.1285 0.30245
3.5777 -2.1342 0.29713
3.5829 -2.1369 0.29382
3.5881 -2.1397 0.29045
3.5933 -2.153 0.28354
3.5985 -2.153 0.28354
3.6037 -2.1565 0.28226
3.6089 -2.1565 0.28226
3.6141 -2.1565 0.28226
3.6193 -2.1595 0.29628
3.6245 -2.1802 0.33797
3.6297 -2.2105 0.39655
3.6349 -2.2141 0.39507
3.6401 -2.2258 0.38388
3.6453 -2.2364 0.37871
3.6505 -2.2357 0.37711
3.6557 -2.2392 0.37529
3.6609 -2.2392 0.37529
3.6661 -2.2392 0.37529
3.6713 -2.2351 0.37558
3.6765 -2.2392 0.37529
3.6817 -2.2392 0.37529
3.6869 -2.2392 0.37529
3.6921 -2.2463 0.38284
3.6973 -2.2547 0.38292
3.7025 -2.2525 0.37744
3.7077 -2.2648 0.37624
3.7129 -2.2728 0.37446
3.7181 -2.2652 0.37637
3.7233 -2.2728 0.37446
3.7285 -2.2728 0.37446
3.7337 -2.2728 0.37446
3.7389 -2.2728 0.37446
3.7441 -2.2728 0.37446
3.7493 -2.2693 0.37663
3.7545 -2.2728 0.37446
3.7597 -2.2728 0.37446
3.7649 -2.2728 0.37446
3.7701 -2.2728 0.37446
3.7753 -2.2728 0.37446
3.7805 -2.2728 0.37446
3.7857 -2.2728 0.37446
3.7909 -2.2701 0.37815
3.7961 -2.2855 0.37262
3.8013 -2.2855 0.37262
3.8065 -2.2806 0.37104
3.8117 -2.2882 0.36874
3.8169 -2.2882 0.36874
3.8221 -2.2882 0.36874
3.8273 -2.3002 0.36478
3.8325 -2.3002 0.36478
3.8377 -2.3037 0.36221
3.8429 -2.3037 0.36221
3.8481 -2.3037 0.36221
3.8533 -2.3037 0.36221
3.8585 -2.3037 0.36221
3.8637 -2.307 0.35905
3.8689 -2.3191 0.35481
3.8741 -2.3191 0.35481
3.8793 -2.3373 0.35461
3.8845 -2.3373 0.35461
3.8897 -2.3373 0.35461
3.8949 -2.3293 0.34045
3.9001 -2.3375 0.3551
3.9053 -2.3475 0.33963
3.9105 -2.4066 0.44085
3.9157 -2.4249 0.41536
3.9209 -2.4366 0.44111
3.9261 -2.4366 0.44111
3.9313 -2.4366 0.44111
3.9365 -2.4366 0.44111
3.9417 -2.4366 0.44111
3.9469 -2.4549 0.43552
3.9521 -2.4549 0.43552
3.9573 -2.4549 0.43552
3.9625 -2.45 0.43627
3.9677 -2.45 0.43627
3.9729 -2.4654 0.43574
3.9781 -2.4772 0.439
3.9833 -2.4772 0.439
3.9885 -2.4772 0.439
3.9937 -2.489 0.42086
3.9989 -2.5147 0.44609
4.0041 -2.5177 0.44158
4.0093 -2.5177 0.44158
4.0145 -2.5331 0.42703
4.0197 -2.5331 0.42703
4.0249 -2.5437 0.42511
4.0301 -2.5688 0.43103
4.0353 -2.5842 0.44175
4.0405 -2.5811 0.44677
4.0457 -2.5842 0.44175
4.0509 -2.5842 0.44175
4.0561 -2.5842 0.44175
4.0613 -2.5842 0.44175
4.0665 -2.5842 0.44175
4.0717 -2.5793 0.44408
4.0769 -2.5879 0.43726
4.0821 -2.5996 0.42453
4.0873 -2.613 0.40325
4.0925 -2.613 0.40325
4.0977 -2.613 0.40325
4.1029 -2.613 0.40325
4.1081 -2.613 0.40325
4.1133 -2.613 0.40325
4.1185 -2.613 0.40325
4.1237 -2.605 0.39708
4.1289 -2.6217 0.41162
4.1341 -2.6535 0.45533
4.1393 -2.6455 0.45067
4.1445 -2.6455 0.45067
4.1497 -2.6455 0.45067
4.1549 -2.6415 0.45498
4.1601 -2.6535 0.45533
4.1653 -2.6535 0.45533
4.1705 -2.6535 0.45533
4.1757 -2.6535 0.45533
4.1809 -2.6535 0.45533
4.1861 -2.6535 0.45533
4.1913 -2.6455 0.45067
4.1965 -2.6535 0.45533
4.2017 -2.6446 0.46267
4.2069 -2.6535 0.45533
4.2121 -2.6535 0.45533
4.2173 -2.6535 0.45533
4.2225 -2.6535 0.45533
4.2277 -2.6535 0.45533
4.2329 -2.6535 0.45533
4.2381 -2.6535 0.45533
4.2433 -2.6535 0.45533
4.2485 -2.6487 0.45841
4.2537 -2.6535 0.45533
4.2589 -2.7362 0.58921
4.2641 -2.7411 0.58601
4.2693 -2.7331 0.58373
4.2745 -2.7411 0.58601
4.2797 -2.7411 0.58601
4.2849 -2.7411 0.58601
4.2901 -2.7411 0.58601
4.2953 -2.7516 0.58043
4.3005 -2.7634 0.57642
4.3057 -2.7634 0.57642
4.3109 -2.7573 0.57819
4.3161 -2.7456 0.56625
4.3213 -2.7573 0.57819
4.3265 -2.7538 0.58285
4.3317 -2.7458 0.58075
4.3369 -2.7538 0.58285
4.3421 -2.7599 0.58113
4.3473 -2.7599 0.58113
4.3525 -2.7599 0.58113
4.3577 -2.7599 0.58113
4.3629 -2.7554 0.57445
4.3681 -2.7554 0.57445
4.3733 -2.7554 0.57445
4.3785 -2.7736 0.55873
4.3837 -2.7816 0.56046
4.3889 -2.7816 0.56046
4.3941 -2.7816 0.56046
4.3993 -2.7816 0.56046
4.4045 -2.7816 0.56046
4.4097 -2.8039 0.5486
4.4149 -2.7959 0.54719
4.4201 -2.7959 0.54719
4.4253 -2.7959 0.54719
4.4305 -2.8039 0.5486
4.4357 -2.8039 0.5486
4.4409 -2.8039 0.5486
4.4461 -2.8039 0.5486
4.4513 -2.7959 0.54719
4.4565 -2.8039 0.5486
4.4617 -2.8039 0.5486
4.4669 -2.8039 0.5486
4.4721 -2.7922 0.53714
4.4773 -2.7991 0.55264
4.4825 -2.8039 0.5486
4.4877 -2.7991 0.55264
4.4929 -2.7979 0.55095
4.4981 -2.8039 0.5486
4.5033 -2.8039 0.5486
4.5085 -2.8039 0.5486
4.5137 -2.8039 0.5486
4.5189 -2.8607 0.56181
4.5241 -2.8668 0.55874
4.5293 -2.8668 0.55874
4.5345 -2.8607 0.56181
4.5397 -2.8668 0.55874
4.5449 -2.8445 0.50963
4.5501 -2.8607 0.56181
4.5553 -2.8668 0.55874
4.5605 -2.855 0.549
4.5657 -2.8633 0.56432
4.5709 -2.8633 0.56432
4.5761 -2.8633 0.56432
4.5813 -2.8668 0.55874
4.5865 -2.8668 0.55874
4.5917 -2.8668 0.55874
4.5969 -2.8668 0.55874
4.6021 -2.8668 0.55874
4.6073 -2.8668 0.55874
4.6125 -2.8668 0.55874
4.6177 -2.8668 0.55874
4.6229 -2.8668 0.55874
4.6281 -2.8668 0.55874
4.6333 -2.8668 0.55874
4.6385 -2.8668 0.55874
4.6437 -2.8668 0.55874
4.6489 -2.8668 0.55874
4.6541 -2.8668 0.55874
4.6593 -2.8668 0.55874
4.6645 -2.8668 0.55874
4.6697 -2.8668 0.55874
4.6749 -2.8668 0.55874
4.6801 -2.8668 0.55874
4.6853 -2.8668 0.55874
4.6905 -2.8668 0.55874
4.6957 -2.8588 0.55836
4.7009 -2.8668 0.55874
4.7061 -2.8668 0.55874
4.7113 -2.8668 0.55874
4.7165 -2.8668 0.55874
4.7217 -2.8668 0.55874
4.7269 -2.8668 0.55874
4.7321 -2.8956 0.55309
4.7373 -2.8895 0.55654
4.7425 -2.8956 0.55309
4.7477 -2.9163 0.54625
4.7529 -2.9163 0.54625
4.7581 -2.9163 0.54625
4.7633 -2.9243 0.5457
4.7685 -2.9163 0.54625
4.7737 -2.9163 0.54625
4.7789 -2.9195 0.55094
4.7841 -2.9243 0.5457
4.7893 -2.9243 0.5457
4.7945 -2.9398 0.52079
4.7997 -2.9318 0.52162
4.8049 -2.9398 0.52079
4.8101 -2.9318 0.52162
4.8153 -2.9398 0.52079
4.8205 -2.9398 0.52079
4.8257 -2.9398 0.52079
4.8309 -2.9685 0.52789
4.8361 -2.9868 0.50221
4.8413 -2.9985 0.50947
4.8465 -2.9868 0.50221
4.8517 -2.9905 0.51135
4.8569 -2.9985 0.50947
4.8621 -2.9985 0.50947
4.8673 -2.9985 0.50947
4.8725 -2.9985 0.50947
4.8777 -3.0119 0.52081
4.8829 -3.0679 0.59916
4.8881 -3.063 0.60523
4.8933 -3.0679 0.59916
4.8985 -3.0679 0.59916
4.9037 -3.0679 0.59916
4.9089 -3.0679 0.59916
4.9141 -3.0679 0.59916
4.9193 -3.0679 0.59916
4.9245 -3.063 0.60523
4.9297 -3.1247 0.5834
4.9349 -3.1307 0.57738
4.9401 -3.1441 0.58406
4.9453 -3.2288 0.62037
4.9505 -3.2288 0.62037
4.9557 -3.2288 0.62037
4.9609 -3.2239 0.62762
4.9661 -3.2288 0.62037
4.9713 -3.2288 0.62037
4.9765 -3.2288 0.62037
4.9817 -3.2239 0.62762
4.9869 -3.2288 0.62037
4.9921 -3.2288 0.62037
4.9973 -3.2288 0.62037
5.0025 -3.2288 0.62037
5.0077 -3.2288 0.62037
5.0129 -3.2288 0.62037
5.0181 -3.2288 0.62037
5.0233 -3.2288 0.62037
5.0285 -3.2288 0.62037
5.0337 -3.217 0.61931
5.0389 -3.2288 0.62037
5.0441 -3.2288 0.62037
5.0493 -3.2527 0.61902
5.0545 -3.2693 0.61162
5.0597 -3.2693 0.61162
5.0649 -3.2693 0.61162
5.0701 -3.2693 0.61162
5.0753 -3.2693 0.61162
5.0805 -3.2693 0.61162
5.0857 -3.2693 0.61162
5.0909 -3.2645 0.61933
5.0961 -3.2693 0.61162
5.1013 -3.247 0.58444
5.1065 -3.247 0.58444
5.1117 -3.2693 0.61162
5.1169 -3.2693 0.61162
5.1221 -3.3204 0.58958
5.1273 -3.3549 0.63335
5.1325 -3.3897 0.59427
5.1377 -3.3897 0.59427
5.1429 -3.3817 0.60169
5.1481 -3.3897 0.59427
5.1533 -3.3837 0.60302
5.1585 -3.3897 0.59427
5.1637 -3.3897 0.59427
5.1689 -3.3897 0.59427
5.1741 -3.3897 0.59427
5.1793 -3.3897 0.59427
5.1845 -3.3817 0.60169
5.1897 -3.3897 0.59427
5.1949 -3.3897 0.59427
5.2001 -3.3897 0.59427
5.2053 -3.3897 0.59427
5.2105 -3.3897 0.59427
5.2157 -3.3897 0.59427
5.2209 -3.3674 0.57151
5.2261 -3.3897 0.59427
5.2313 -3.3897 0.59427
5.2365 -3.3897 0.59427
