5.2e-05 0 0
0.005252 0 0
0.010452 0 0
0.015652 0 0
0.020852 -0.00044743 0.0014149
0.026052 -0.0013483 0.0042638
0.031252 -0.0022452 0.0048514
0.036452 -0.0026967 0.0056851
0.041652 -0.0026967 0.0056851
0.046852 -0.0031502 0.0067267
0.052052 -0.0036058 0.0078979
0.057252 -0.0040634 0.0091522
0.062452 -0.0040634 0.0091522
0.067652 -0.0054118 0.0094746
0.072852 -0.0054118 0.0094746
0.078052 -0.0054118 0.0094746
0.083252 -0.0054118 0.0094746
0.088452 -0.0054118 0.0094746
0.093652 -0.0058592 0.0092945
0.098852 -0.0085866 0.012344
0.10405 -0.010846 0.012868
0.10925 -0.01312 0.014118
0.11445 -0.014504 0.016035
0.11965 -0.014958 0.016067
0.12485 -0.01632 0.016237
0.13005 -0.015854 0.015344
0.13525 -0.01632 0.016237
0.14045 -0.017717 0.018472
0.14565 -0.017717 0.018472
0.15085 -0.019587 0.021324
0.15605 -0.020048 0.021664
0.16125 -0.021869 0.021509
0.16645 -0.022344 0.022471
0.17165 -0.022795 0.022216
0.17685 -0.023249 0.02205
0.18205 -0.023711 0.022295
0.18725 -0.025109 0.023579
0.19245 -0.024634 0.022729
0.19765 -0.025981 0.021367
0.20285 -0.028268 0.021054
0.20805 -0.029707 0.024082
0.21325 -0.031525 0.023005
0.21845 -0.033372 0.0231
0.22365 -0.035224 0.02334
0.22885 -0.03615 0.023371
0.23405 -0.036632 0.024273
0.23925 -0.037117 0.025239
0.24445 -0.036632 0.024273
0.24965 -0.039015 0.0271
0.25485 -0.039012 0.027
0.26005 -0.039032 0.027778
0.26525 -0.040427 0.027842
0.27045 -0.040908 0.028524
0.27565 -0.040427 0.027842
0.28085 -0.040902 0.028247
0.28605 -0.042836 0.031032
0.29125 -0.043822 0.032919
0.29645 -0.044301 0.033364
0.30165 -0.044301 0.033364
0.30685 -0.044765 0.033274
0.31205 -0.046218 0.034971
0.31725 -0.047171 0.035538
0.32245 -0.047655 0.036048
0.32765 -0.048597 0.036179
0.33285 -0.049547 0.036584
0.33805 -0.051441 0.037104
0.34325 -0.05334 0.037644
0.34845 -0.055197 0.036823
0.35365 -0.05663 0.037343
0.35885 -0.058517 0.037204
0.36405 -0.058517 0.037204
0.36925 -0.059013 0.037896
0.37445 -0.062813 0.03812
0.37965 -0.062813 0.03812
0.38485 -0.064234 0.037989
0.39005 -0.065647 0.037535
0.39525 -0.067552 0.037462
0.40045 -0.068023 0.037251
0.40565 -0.069994 0.038962
0.41085 -0.072929 0.040666
0.41605 -0.074374 0.040786
0.42125 -0.074849 0.040625
0.42645 -0.076336 0.041815
0.43165 -0.078228 0.04081
0.43685 -0.078743 0.041711
0.44205 -0.084095 0.042474
0.44725 -0.089419 0.041722
0.45245 -0.094293 0.041304
0.45765 -0.094844 0.04295
0.46285 -0.098273 0.042639
0.46805 -0.10132 0.044991
0.47325 -0.10428 0.044888
0.47845 -0.10871 0.043925
0.48365 -0.11415 0.042658
0.48885 -0.12168 0.042786
0.49405 -0.12794 0.047661
0.49925 -0.13104 0.048893
0.50445 -0.13625 0.051434
0.50965 -0.14023 0.048824
0.51485 -0.14678 0.045504
0.52005 -0.14992 0.046416
0.52525 -0.15311 0.048242
0.53045 -0.16001 0.050838
0.53565 -0.16374 0.052143
0.54085 -0.16895 0.051065
0.54605 -0.1774 0.050511
0.55125 -0.1861 0.053541
0.55645 -0.19121 0.05886
0.56165 -0.19886 0.060169
0.56685 -0.20332 0.06191
0.57205 -0.21054 0.063595
0.57725 -0.21535 0.060666
0.58245 -0.22536 0.07045
0.58765 -0.23154 0.070691
0.59285 -0.23517 0.065562
0.59805 -0.24335 0.06988
0.60325 -0.24608 0.068085
0.60845 -0.25169 0.075501
0.61365 -0.25684 0.075317
0.61885 -0.25965 0.074099
0.62405 -0.26996 0.080792
0.62925 -0.27334 0.079025
0.63445 -0.28049 0.080612
0.63965 -0.28407 0.08117
0.64485 -0.28872 0.088191
0.65005 -0.29175 0.088971
0.65525 -0.29824 0.095418
0.66045 -0.3021 0.098392
0.66565 -0.3043 0.10274
0.67085 -0.30985 0.10378
0.67605 -0.31326 0.10114
0.68125 -0.32349 0.10623
0.68645 -0.32716 0.10584
0.69165 -0.32736 0.10806
0.69685 -0.33259 0.10436
0.70205 -0.33713 0.10631
0.70725 -0.34858 0.10831
0.71245 -0.35623 0.10938
0.71765 -0.36106 0.11328
0.72285 -0.36701 0.12199
0.72805 -0.36761 0.12146
0.73325 -0.37545 0.12835
0.73845 -0.38272 0.13549
0.74365 -0.39043 0.13965
0.74885 -0.39108 0.13956
0.75405 -0.39495 0.13895
0.75925 -0.39697 0.13926
0.76445 -0.39639 0.13987
0.76965 -0.39824 0.13874
0.77485 -0.39974 0.13495
0.78005 -0.40328 0.13692
0.78525 -0.40833 0.1402
0.79045 -0.41256 0.14199
0.79565 -0.41598 0.137
0.80085 -0.41735 0.13719
0.80605 -0.42368 0.13378
0.81125 -0.42519 0.1352
0.81645 -0.43232 0.13772
0.82165 -0.43511 0.13814
0.82685 -0.4466 0.14213
0.83205 -0.45351 0.14179
0.83725 -0.45703 0.13634
0.84245 -0.46271 0.13688
0.84765 -0.467 0.13734
0.85285 -0.46732 0.14007
0.85805 -0.47171 0.13538
0.86325 -0.47849 0.13237
0.86845 -0.48584 0.13976
0.87365 -0.49161 0.14004
0.87885 -0.50603 0.126
0.88405 -0.5051 0.12429
0.88925 -0.51019 0.12353
0.89445 -0.51493 0.1193
0.89965 -0.52104 0.12094
0.90485 -0.52169 0.12012
0.91005 -0.52351 0.12314
0.91525 -0.52526 0.11842
0.92045 -0.52448 0.11825
0.92565 -0.52785 0.1145
0.93085 -0.53318 0.12228
0.93605 -0.53864 0.12365
0.94125 -0.54701 0.12354
0.94645 -0.5513 0.12042
0.95165 -0.55683 0.11402
0.95685 -0.56453 0.11312
0.96205 -0.5684 0.1124
0.96725 -0.57504 0.10773
0.97245 -0.58163 0.11066
0.97765 -0.58177 0.11216
0.98285 -0.58526 0.10717
0.98805 -0.5922 0.1044
0.99325 -0.59518 0.10168
0.99845 -0.60455 0.10658
1.0037 -0.61534 0.11643
1.0089 -0.62393 0.11173
1.0141 -0.62774 0.10826
1.0193 -0.63364 0.10887
1.0245 -0.63779 0.10824
1.0297 -0.64187 0.10665
1.0349 -0.64678 0.10509
1.0401 -0.65008 0.10402
1.0453 -0.65044 0.10776
1.0505 -0.65299 0.10775
1.0557 -0.65553 0.1076
1.0609 -0.65971 0.11567
1.0661 -0.66351 0.11905
1.0713 -0.67429 0.12278
1.0765 -0.67818 0.11832
1.0817 -0.67907 0.11829
1.0869 -0.68903 0.12069
1.0921 -0.69783 0.12835
1.0973 -0.70145 0.12861
1.1025 -0.70605 0.1294
1.1077 -0.70636 0.13266
1.1129 -0.70929 0.13474
1.1181 -0.7077 0.13644
1.1233 -0.71917 0.14122
1.1285 -0.7218 0.14037
1.1337 -0.72238 0.13756
1.1389 -0.72484 0.13505
1.1441 -0.72711 0.1386
1.1493 -0.72807 0.13884
1.1545 -0.73417 0.13589
1.1597 -0.73797 0.13678
1.1649 -0.7429 0.13856
1.1701 -0.74755 0.13837
1.1753 -0.74755 0.13837
1.1805 -0.74459 0.1375
1.1857 -0.75599 0.13922
1.1909 -0.76026 0.14315
1.1961 -0.76843 0.14002
1.2013 -0.78483 0.14129
1.2065 -0.78806 0.1439
1.2117 -0.79597 0.14428
1.2169 -0.79479 0.14296
1.2221 -0.79871 0.14268
1.2273 -0.80013 0.13868
1.2325 -0.79911 0.13843
1.2377 -0.80352 0.14185
1.2429 -0.8044 0.14091
1.2481 -0.80735 0.14049
1.2533 -0.80941 0.14096
1.2585 -0.81038 0.14067
1.2637 -0.81335 0.1403
1.2689 -0.81801 0.13768
1.2741 -0.82276 0.13591
1.2793 -0.82733 0.1494
1.2845 -0.83363 0.15949
1.2897 -0.84036 0.16369
1.2949 -0.85276 0.17848
1.3001 -0.85061 0.17808
1.3053 -0.85226 0.17548
1.3105 -0.86063 0.17542
1.3157 -0.86297 0.17685
1.3209 -0.86841 0.17701
1.3261 -0.88978 0.18407
1.3313 -0.89247 0.18702
1.3365 -0.8926 0.18091
1.3417 -0.89497 0.17579
1.3469 -0.90299 0.18628
1.3521 -0.90944 0.1864
1.3573 -0.90712 0.18592
1.3625 -0.91161 0.18629
1.3677 -0.9194 0.18644
1.3729 -0.92445 0.19
1.3781 -0.92899 0.19015
1.3833 -0.92915 0.19033
1.3885 -0.93576 0.19023
1.3937 -0.93599 0.19226
1.3989 -0.94458 0.19585
1.4041 -0.9473 0.1918
1.4093 -0.9573 0.18987
1.4145 -0.95846 0.18992
1.4197 -0.95965 0.19003
1.4249 -0.95692 0.18714
1.4301 -0.96172 0.18795
1.4353 -0.96621 0.19474
1.4405 -0.97734 0.19836
1.4457 -0.98359 0.20766
1.4509 -0.98349 0.20714
1.4561 -0.98557 0.20549
1.4613 -0.98766 0.20422
1.4665 -0.99735 0.20519
1.4717 -1.004 0.19615
1.4769 -1.0118 0.19223
1.4821 -1.0113 0.18974
1.4873 -1.0139 0.19041
1.4925 -1.0107 0.18507
1.4977 -1.0213 0.19038
1.5029 -1.0241 0.18473
1.5081 -1.0315 0.19113
1.5133 -1.0312 0.1891
1.5185 -1.0357 0.19413
1.5237 -1.0382 0.18131
1.5289 -1.042 0.18238
1.5341 -1.0593 0.17992
1.5393 -1.0733 0.17921
1.5445 -1.0825 0.17079
1.5497 -1.0869 0.17391
1.5549 -1.0896 0.17455
1.5601 -1.0926 0.17672
1.5653 -1.0999 0.1728
1.5705 -1.112 0.18128
1.5757 -1.115 0.1836
1.5809 -1.1137 0.18348
1.5861 -1.1137 0.18348
1.5913 -1.1159 0.17352
1.5965 -1.111 0.17652
1.6017 -1.1167 0.17845
1.6069 -1.1197 0.18011
1.6121 -1.1242 0.18331
1.6173 -1.134 0.16855
1.6225 -1.1339 0.16863
1.6277 -1.1358 0.17177
1.6329 -1.1379 0.16816
1.6381 -1.1419 0.16827
1.6433 -1.1488 0.16737
1.6485 -1.1482 0.17324
1.6537 -1.1467 0.17251
1.6589 -1.1494 0.17215
1.6641 -1.1541 0.16655
1.6693 -1.1596 0.16509
1.6745 -1.1647 0.17088
1.6797 -1.1616 0.1689
1.6849 -1.1633 0.17029
1.6901 -1.1629 0.16786
1.6953 -1.1649 0.17239
1.7005 -1.1767 0.17471
1.7057 -1.177 0.17603
1.7109 -1.1973 0.17677
1.7161 -1.1991 0.16938
1.7213 -1.2056 0.16394
1.7265 -1.211 0.15985
1.7317 -1.217 0.16048
1.7369 -1.2257 0.16939
1.7421 -1.2208 0.1668
1.7473 -1.2233 0.17423
1.7525 -1.2294 0.17449
1.7577 -1.2375 0.16842
1.7629 -1.2402 0.16612
1.7681 -1.2433 0.16627
1.7733 -1.2469 0.16024
1.7785 -1.2429 0.1643
1.7837 -1.2628 0.16236
1.7889 -1.2713 0.15612
1.7941 -1.2713 0.15612
1.7993 -1.275 0.1487
1.8045 -1.278 0.159
1.8097 -1.2771 0.16364
1.8149 -1.2805 0.16501
1.8201 -1.2832 0.16192
1.8253 -1.2811 0.15837
1.8305 -1.2817 0.16247
1.8357 -1.2875 0.1584
1.8409 -1.2921 0.15646
1.8461 -1.3013 0.16476
1.8513 -1.3022 0.15929
1.8565 -1.307 0.15839
1.8617 -1.3101 0.1575
1.8669 -1.3142 0.1511
1.8721 -1.3127 0.15261
1.8773 -1.3165 0.15564
1.8825 -1.3346 0.16702
1.8877 -1.3366 0.16858
1.8929 -1.3378 0.16514
1.8981 -1.3369 0.1703
1.9033 -1.3315 0.1675
1.9085 -1.337 0.17125
1.9137 -1.3384 0.16875
1.9189 -1.3405 0.18229
1.9241 -1.3517 0.18868
1.9293 -1.3617 0.18714
1.9345 -1.3599 0.18696
1.9397 -1.3617 0.18714
1.9449 -1.3578 0.1841
1.9501 -1.3598 0.18611
1.9553 -1.3743 0.17922
1.9605 -1.3744 0.17984
1.9657 -1.3758 0.17772
1.9709 -1.3773 0.17631
1.9761 -1.3788 0.17501
1.9813 -1.3772 0.17573
1.9865 -1.3809 0.17664
1.9917 -1.3847 0.17896
1.9969 -1.3901 0.17871
2.0021 -1.3901 0.17871
2.0073 -1.3864 0.17832
2.0125 -1.3897 0.17625
2.0177 -1.3877 0.1744
2.0229 -1.386 0.17561
2.0281 -1.3872 0.17148
2.0333 -1.3981 0.1732
2.0385 -1.4088 0.17212
2.0437 -1.4144 0.17287
2.0489 -1.4155 0.16862
2.0541 -1.4169 0.16598
2.0593 -1.4146 0.16294
2.0645 -1.4249 0.17019
2.0697 -1.4314 0.17762
2.0749 -1.4338 0.18112
2.0801 -1.4344 0.18461
2.0853 -1.4365 0.18578
2.0905 -1.4316 0.18995
2.0957 -1.4292 0.1867
2.1009 -1.4373 0.19029
2.1061 -1.4404 0.18687
2.1113 -1.4401 0.1845
2.1165 -1.439 0.1893
2.1217 -1.4487 0.18039
2.1269 -1.4548 0.17246
2.1321 -1.4511 0.17297
2.1373 -1.4528 0.17167
2.1425 -1.4532 0.17487
2.1477 -1.4564 0.18301
2.1529 -1.4622 0.18362
2.1581 -1.4611 0.17735
2.1633 -1.4604 0.18451
2.1685 -1.4615 0.18029
2.1737 -1.4636 0.18115
2.1789 -1.457 0.1872
2.1841 -1.4591 0.17594
2.1893 -1.462 0.1827
2.1945 -1.4604 0.18473
2.1997 -1.4626 0.18598
2.2049 -1.462 0.1827
2.2101 -1.4657 0.18197
2.2153 -1.464 0.18354
2.2205 -1.4657 0.18197
2.2257 -1.4657 0.18197
2.2309 -1.4608 0.17483
2.2361 -1.4577 0.17911
2.2413 -1.4621 0.18321
2.2465 -1.4657 0.18197
2.2517 -1.4657 0.18197
2.2569 -1.4604 0.18451
2.2621 -1.4676 0.18179
2.2673 -1.4651 0.17807
2.2725 -1.4676 0.18179
2.2777 -1.4628 0.18724
2.2829 -1.4637 0.18193
2.2881 -1.4658 0.18275
2.2933 -1.4659 0.18304
2.2985 -1.4771 0.19196
2.3037 -1.4804 0.18849
2.3089 -1.4848 0.19105
2.3141 -1.4888 0.18094
2.3193 -1.4961 0.18999
2.3245 -1.5059 0.19016
2.3297 -1.4987 0.1939
2.3349 -1.498 0.19009
2.3401 -1.5094 0.19887
2.3453 -1.5098 0.20115
2.3505 -1.5119 0.20137
2.3557 -1.5098 0.20115
2.3609 -1.5069 0.19606
2.3661 -1.5073 0.18712
2.3713 -1.5149 0.18486
2.3765 -1.532 0.1897
2.3817 -1.5399 0.17647
2.3869 -1.5545 0.17665
2.3921 -1.5646 0.17487
2.3973 -1.5678 0.18067
2.4025 -1.5806 0.19415
2.4077 -1.5839 0.18879
2.4129 -1.5857 0.18677
2.4181 -1.5956 0.181
2.4233 -1.594 0.18387
2.4285 -1.5978 0.18093
2.4337 -1.5999 0.18005
2.4389 -1.5967 0.17309
2.4441 -1.5973 0.17719
2.4493 -1.6241 0.19498
2.4545 -1.6289 0.18432
2.4597 -1.6248 0.18625
2.4649 -1.6297 0.18885
2.4701 -1.6316 0.18683
2.4753 -1.6316 0.18683
2.4805 -1.6316 0.18683
2.4857 -1.6268 0.18408
2.4909 -1.6375 0.18032
2.4961 -1.6397 0.17972
2.5013 -1.6421 0.18128
2.5065 -1.6353 0.18147
2.5117 -1.6379 0.1836
2.5169 -1.6401 0.183
2.5221 -1.6423 0.18266
2.5273 -1.6423 0.18266
2.5325 -1.6489 0.1942
2.5377 -1.6739 0.19266
2.5429 -1.6832 0.19183
2.5481 -1.685 0.18881
2.5533 -1.6831 0.19141
2.5585 -1.6854 0.19052
2.5637 -1.6854 0.19052
2.5689 -1.6835 0.19325
2.5741 -1.6826 0.18842
2.5793 -1.6942 0.18556
2.5845 -1.6941 0.1847
2.5897 -1.6986 0.18334
2.5949 -1.6986 0.18334
2.6001 -1.7091 0.17253
2.6053 -1.7225 0.16373
2.6105 -1.7271 0.16185
2.6157 -1.7271 0.16185
2.6209 -1.7216 0.15808
2.6261 -1.727 0.16095
2.6313 -1.7301 0.16444
2.6365 -1.7269 0.16064
2.6417 -1.7378 0.14989
2.6469 -1.7327 0.14856
2.6521 -1.7437 0.15608
2.6573 -1.7417 0.15898
2.6625 -1.7416 0.15848
2.6677 -1.7462 0.15547
2.6729 -1.752 0.16065
2.6781 -1.7427 0.16668
2.6833 -1.752 0.16065
2.6885 -1.7471 0.16198
2.6937 -1.7434 0.15334
2.6989 -1.7471 0.16178
2.7041 -1.7605 0.1838
2.7093 -1.7654 0.18135
2.7145 -1.7689 0.18758
2.7197 -1.7732 0.18225
2.7249 -1.7711 0.18527
2.7301 -1.7706 0.18192
2.7353 -1.7915 0.19715
2.7405 -1.7915 0.19715
2.7457 -1.7928 0.20479
2.7509 -1.7928 0.20479
2.7561 -1.8025 0.18468
2.7613 -1.8085 0.18864
2.7665 -1.819 0.18624
2.7717 -1.8168 0.18916
2.7769 -1.81 0.181
2.7821 -1.8106 0.18396
2.7873 -1.8128 0.18105
2.7925 -1.8128 0.18105
2.7977 -1.808 0.18449
2.8029 -1.8149 0.19334
2.8081 -1.8112 0.18748
2.8133 -1.836 0.17236
2.8185 -1.836 0.17236
2.8237 -1.85 0.17242
2.8289 -1.8443 0.1709
2.8341 -1.839 0.17265
2.8393 -1.8443 0.1709
2.8445 -1.846 0.1823
2.8497 -1.8576 0.1844
2.8549 -1.8576 0.1844
2.8601 -1.8611 0.18864
2.8653 -1.8611 0.18864
2.8705 -1.8588 0.19223
2.8757 -1.8706 0.1944
2.8809 -1.8767 0.19644
2.8861 -1.8717 0.2006
2.8913 -1.8722 0.2029
2.8965 -1.8713 0.19765
2.9017 -1.8779 0.18671
2.9069 -1.8806 0.18565
2.9121 -1.8886 0.18152
2.9173 -1.8882 0.17949
2.9225 -1.8847 0.17563
2.9277 -1.893 0.17358
2.9329 -1.8871 0.17256
2.9381 -1.8924 0.16923
2.9433 -1.893 0.17358
2.9485 -1.8895 0.16971
2.9537 -1.8898 0.17125
2.9589 -1.8892 0.16752
2.9641 -1.9045 0.17057
2.9693 -1.9041 0.16746
2.9745 -1.8972 0.16072
2.9797 -1.9041 0.16746
2.9849 -1.9016 0.17059
2.9901 -1.9076 0.17106
2.9953 -1.9318 0.20969
3.0005 -1.9415 0.21215
3.0057 -1.9569 0.21276
3.0109 -1.9574 0.21471
3.0161 -1.9547 0.21671
3.0213 -1.9569 0.21276
3.0265 -1.9569 0.21276
3.0317 -1.9493 0.22085
3.0369 -1.9508 0.21223
3.0421 -1.9597 0.21069
3.0473 -1.9558 0.20619
3.0525 -1.9533 0.21024
3.0577 -1.953 0.20825
3.0629 -1.9597 0.21069
3.0681 -1.9615 0.22001
3.0733 -1.9619 0.23902
3.0785 -1.9705 0.24904
3.0837 -1.9658 0.2428
3.0889 -1.9713 0.2548
3.0941 -1.9934 0.25321
3.0993 -1.9934 0.25321
3.1045 -1.9827 0.24878
3.1097 -1.9956 0.24932
3.1149 -2.0041 0.24144
3.1201 -2.0159 0.23823
3.1253 -2.0292 0.23761
3.1305 -2.0292 0.23761
3.1357 -2.0398 0.22448
3.1409 -2.0422 0.22021
3.1461 -2.0342 0.21307
3.1513 -2.0534 0.20888
3.1565 -2.0599 0.20749
3.1617 -2.0554 0.20011
3.1669 -2.0962 0.23188
3.1721 -2.0974 0.23697
3.1773 -2.0971 0.23574
3.1825 -2.0971 0.23574
3.1877 -2.0891 0.23192
3.1929 -2.0851 0.23029
3.1981 -2.0921 0.22954
3.2033 -2.0961 0.23104
3.2085 -2.0961 0.23104
3.2137 -2.1002 0.23329
3.2189 -2.0974 0.23697
3.2241 -2.0918 0.2269
3.2293 -2.1002 0.23329
3.2345 -2.0966 0.2339
3.2397 -2.1024 0.22721
3.2449 -2.1061 0.22739
3.2501 -2.1089 0.22343
3.2553 -2.1089 0.22343
3.2605 -2.1014 0.22286
3.2657 -2.1206 0.20967
3.2709 -2.1117 0.20024
3.2761 -2.1158 0.20248
3.2813 -2.1253 0.19405
3.2865 -2.1294 0.1957
3.2917 -2.1294 0.1957
3.2969 -2.1246 0.18823
3.3021 -2.1268 0.20079
3.3073 -2.1309 0.20269
3.3125 -2.1469 0.20926
3.3177 -2.1438 0.21275
3.3229 -2.1396 0.20935
3.3281 -2.1528 0.22192
3.3333 -2.1571 0.24381
3.3385 -2.1431 0.22999
3.3437 -2.1543 0.22966
3.3489 -2.1601 0.24027
3.3541 -2.1755 0.23947
3.3593 -2.1852 0.2499
3.3645 -2.1923 0.24592
3.3697 -2.187 0.23834
3.3749 -2.18 0.22279
3.3801 -2.1898 0.23351
3.3853 -2.1979 0.23357
3.3905 -2.2036 0.24288
3.3957 -2.2097 0.25379
3.4009 -2.1949 0.23952
3.4061 -2.196 0.2439
3.4113 -2.2077 0.26228
3.4165 -2.2077 0.26228
3.4217 -2.203 0.25953
3.4269 -2.2095 0.26958
3.4321 -2.2069 0.27449
3.4373 -2.2085 0.26595
3.4425 -2.2085 0.26595
3.4477 -2.2115 0.26206
3.4529 -2.2115 0.26206
3.4581 -2.2075 0.26266
3.4633 -2.2036 0.26215
3.4685 -2.2048 0.26636
3.4737 -2.2036 0.26215
3.4789 -2.2077 0.26228
3.4841 -2.2306 0.31401
3.4893 -2.2385 0.31319
3.4945 -2.2455 0.3088
3.4997 -2.2414 0.30925
3.5049 -2.2651 0.35387
3.5101 -2.2731 0.36906
3.5153 -2.2557 0.36421
3.5205 -2.2762 0.36586
3.5257 -2.2647 0.35425
3.5309 -2.2803 0.36505
3.5361 -2.2895 0.38224
3.5413 -2.3227 0.44148
3.5465 -2.3243 0.44489
3.5517 -2.3193 0.43021
3.5569 -2.3133 0.43644
3.5621 -2.3117 0.43306
3.5673 -2.3307 0.42524
3.5725 -2.3235 0.39878
3.5777 -2.3603 0.43269
3.5829 -2.3931 0.44434
3.5881 -2.4047 0.46148
3.5933 -2.4026 0.45772
3.5985 -2.4127 0.4706
3.6037 -2.4047 0.46148
3.6089 -2.4078 0.45794
3.6141 -2.3883 0.43997
3.6193 -2.4103 0.46633
3.6245 -2.4221 0.48979
3.6297 -2.4221 0.48979
3.6349 -2.4231 0.49129
3.6401 -2.4472 0.50768
3.6453 -2.4508 0.53722
3.6505 -2.4605 0.53899
3.6557 -2.4654 0.53848
3.6609 -2.4719 0.53191
3.6661 -2.4706 0.53
3.6713 -2.4781 0.52456
3.6765 -2.4669 0.5052
3.6817 -2.4793 0.52647
3.6869 -2.4793 0.49877
3.6921 -2.4703 0.48493
3.6973 -2.4703 0.48493
3.7025 -2.4737 0.48147
3.7077 -2.4994 0.52245
3.7129 -2.5142 0.53765
3.7181 -2.5132 0.50881
3.7233 -2.5412 0.54476
3.7285 -2.5984 0.64278
3.7337 -2.5909 0.64884
3.7389 -2.63 0.68685
3.7441 -2.6064 0.66141
3.7493 -2.6255 0.68897
3.7545 -2.6146 0.69172
3.7597 -2.6113 0.69485
3.7649 -2.6202 0.69052
3.7701 -2.6191 0.68944
3.7753 -2.6237 0.68735
3.7805 -2.6191 0.68944
3.7857 -2.6237 0.68735
3.7909 -2.6237 0.68735
3.7961 -2.6284 0.68523
3.8013 -2.6284 0.68523
3.8065 -2.6125 0.67538
3.8117 -2.6196 0.69004
3.8169 -2.6196 0.69004
3.8221 -2.6043 0.68054
3.8273 -2.6043 0.68054
3.8325 -2.5828 0.63161
3.8377 -2.6087 0.67833
3.8429 -2.6038 0.68004
3.8481 -2.6051 0.68146
3.8533 -2.6051 0.68146
3.8585 -2.6051 0.68146
3.8637 -2.5824 0.63122
3.8689 -2.5959 0.62461
3.8741 -2.5924 0.62793
3.8793 -2.5758 0.61747
3.8845 -2.6198 0.66932
3.8897 -2.6199 0.71012
3.8949 -2.6116 0.71488
3.9001 -2.6469 0.75152
3.9053 -2.6461 0.75085
3.9105 -2.6731 0.73682
3.9157 -2.6686 0.73931
3.9209 -2.6684 0.73911
3.9261 -2.6731 0.73682
3.9313 -2.6626 0.72893
3.9365 -2.6731 0.73682
3.9417 -2.6772 0.73397
3.9469 -2.6707 0.71581
3.9521 -2.6707 0.71581
3.9573 -2.6494 0.70888
3.9625 -2.6658 0.7179
3.9677 -2.6658 0.7179
3.9729 -2.6707 0.71581
3.9781 -2.6661 0.71814
3.9833 -2.6754 0.71342
3.9885 -2.6589 0.70459
3.9937 -2.6707 0.71581
3.9989 -2.6595 0.72486
4.0041 -2.6661 0.71814
4.0093 -2.6707 0.71581
4.0145 -2.6707 0.71581
4.0197 -2.6658 0.7179
4.0249 -2.6859 0.74789
4.0301 -2.6812 0.75023
4.0353 -2.6843 0.74679
4.0405 -2.6843 0.74679
4.0457 -2.6812 0.75023
4.0509 -2.6706 0.74065
4.0561 -2.6692 0.73949
4.0613 -2.6741 0.73743
4.0665 -2.6615 0.68995
4.0717 -2.6571 0.69253
4.0769 -2.6541 0.69614
4.0821 -2.6398 0.66156
4.0873 -2.6462 0.65413
4.0925 -2.6636 0.70226
4.0977 -2.6685 0.70014
4.1029 -2.6685 0.70014
4.1081 -2.6638 0.70251
4.1133 -2.6636 0.70226
4.1185 -2.6685 0.70014
4.1237 -2.6654 0.70372
4.1289 -2.6867 0.72943
4.1341 -2.6772 0.73397
4.1393 -2.6867 0.72943
4.1445 -2.682 0.73184
4.1497 -2.6867 0.72943
4.1549 -2.6867 0.72943
4.1601 -2.6762 0.72168
4.1653 -2.7059 0.77309
4.1705 -2.7021 0.75945
4.1757 -2.7139 0.7502
4.1809 -2.6916 0.70905
4.1861 -2.6885 0.7127
4.1913 -2.6701 0.66537
4.1965 -2.6741 0.66224
4.2017 -2.6741 0.66224
4.2069 -2.659 0.67536
4.2121 -2.6719 0.66063
4.2173 -2.6757 0.65699
4.2225 -2.6757 0.65699
4.2277 -2.6806 0.65462
4.2329 -2.6715 0.66007
4.2381 -2.6816 0.66814
4.2433 -2.6824 0.66896
4.2485 -2.685 0.66443
4.2537 -2.6945 0.65929
4.2589 -2.6896 0.66175
4.2641 -2.6896 0.66175
4.2693 -2.6896 0.66175
4.2745 -2.6672 0.63229
