0.052 195.9 12.3689
0.104 211.8 2.7406
0.156 212.6 4.0332
0.208 214.4 2.8752
0.26 213.5 2.0683
0.312 213 2.582
0.364 212.5 3.44
0.416 211.7 3.335
0.468 209.9 5.5066
0.52 209.7 4.8316
0.572 207.6 5.7194
0.624 206.1 5.4661
0.676 203.2 7.0522
0.728 198.9 5.8395
0.78 193.8 11.6505
0.832 194.4 13.6724
0.884 190.3 16.5868
0.936 185.3 15.0853
0.988 179.5 11.7592
1.04 167.8 22.3746
1.092 163.9 19.1975
1.144 151.8 21.4725
1.196 141.9 17.4957
1.248 132.5 11.2768
1.3 135.3 12.5879
1.352 128.2 12.4347
1.404 123.9 12.5118
1.456 121.6 12.4651
1.508 115.7 12.3022
1.56 106.2 18.4198
1.612 101.5 22.9553
1.664 91.3 26.5332
1.716 87.1 33.1108
1.768 83.1 35.3536
1.82 75 28.8944
1.872 63.9 23.6523
1.924 61.7 28.1032
1.976 61 27.4024
2.028 54.5 32.7965
2.08 48.7 27.4552
2.132 39.3 25.6993
2.184 36.4 24.9007
2.236 35.6 22.3468
2.288 29.3 21.9041
2.34 24.6 25.7863
2.392 28.1 22.3629
2.444 23.1 19.6325
2.496 21.9 21.8706
2.548 24.8 27.844
2.6 22.9 24.7496
2.652 20.9 22.4769
2.704 22.3 24.3541
2.756 21.2 23.0401
2.808 22 23.7346
2.86 20 27.8368
2.912 18.5 24.6543
2.964 20.6 28.2261
3.016 20.6 29.9526
3.068 19.4 30.671
3.12 18 29.2043
3.172 18.1 29.0916
3.224 18.7 32.5885
3.276 17 26.9238
3.328 14.5 24.355
3.38 14.3 24.9045
3.432 14.2 24.5257
3.484 12.3 24.386
3.536 14.9 24.0899
3.588 11.1 23.345
3.64 10.9 25.5449
3.692 12.2 25.2226
3.744 12.1 25.8218
3.796 10.8 24.1468
3.848 10.8 25.776
3.9 10.2 26.3262
3.952 10.2 23.9249
4.004 10.5 25.9583
4.056 10.8 24.4031
4.108 9.6 24.771
4.16 9.7 24.1111
4.212 9.3 24.8866
4.264 10.9 25.4971
4.316 10.2 27.0875
4.368 11.4 26.3405
4.42 10.4 24.923
4.472 11 24.6937
4.524 9.7 26.1281
4.576 9.8 24.394
4.628 9.2 24.9123
4.68 9.9 24.7002
4.732 9.4 23.8383
4.784 8.3 22.7745
4.836 9.1 23.283
4.888 8.4 22.7801
4.94 8.6 22.3815
4.992 8.1 22.1533
5.044 8.1 21.0842
5.096 8.7 23.6786
5.148 8.4 23.0709
5.2 7.3 20.6562
5.252 6.8 19.0834
5.304 6.7 18.4213
5.356 5.5 15.6578
5.408 5.4 14.653
5.46 3.7 9.956
5.512 2.8 7.4803
5.564 0.9 1.1972
5.616 0.5 0.97183
5.668 0.7 1.0593
5.72 0.4 0.96609
5.772 0.4 0.5164
5.824 0.8 0.78881
5.876 0.7 0.94868
5.928 0.6 0.96609
