0.052 197.8 10.1193
0.104 213.4 1.8974
0.156 213.6 2.8363
0.208 214 2.708
0.26 214.1 1.5951
0.312 214.8 2.1499
0.364 214.8 1.7512
0.416 214.9 1.5239
0.468 213 2.8674
0.52 213.9 2.4698
0.572 214.8 2.8597
0.624 215.5 1.2693
0.676 214.9 1.912
0.728 212.9 2.8067
0.78 211.8 3.4577
0.832 213.1 3.3483
0.884 213.9 1.9692
0.936 212.5 3.4721
0.988 214.7 3.1287
1.04 214.6 1.8379
1.092 213.8 2.8597
1.144 213 2.1082
1.196 213.6 2.319
1.248 213 3.2998
1.3 212.6 3.134
1.352 214.4 2.4129
1.404 212.4 2.7162
1.456 213.5 2.1731
1.508 212.9 2.5582
1.56 212 4.9666
1.612 214.6 2.5033
1.664 212.7 2.6268
1.716 213.7 2.3118
1.768 211.1 3.3483
1.82 212.5 3.1002
1.872 213.8 1.5492
1.924 209 3.3993
1.976 211.5 3.7491
2.028 213.2 3.1198
2.08 214.2 2.6162
2.132 212.4 2.0111
2.184 212 3.1972
2.236 210.7 2.7909
2.288 210.5 3.44
2.34 212 2.6667
2.392 212.8 4.4422
2.444 212.2 2.201
2.496 211.6 4.115
2.548 212.6 3.34
2.6 213 2.6247
2.652 213.7 2.1628
2.704 212 4.3205
2.756 212.7 4.3474
2.808 210.7 2.7101
2.86 211.5 3.2404
2.912 210.8 6.1427
2.964 210.1 6.2619
3.016 210.3 6.7007
3.068 210.8 5.731
3.12 212.2 3.6148
3.172 212.6 3.8355
3.224 211.8 3.7653
3.276 212.1 4.2019
3.328 212.6 3.9215
3.38 213.4 2.0111
3.432 213.1 3.1073
3.484 212.8 3.4254
3.536 212.1 4.8178
3.588 213.7 2.8304
3.64 214.9 2.1318
3.692 213.5 2.1731
3.744 212.9 2.6437
3.796 212.5 3.9229
3.848 209.8 3.6148
3.9 213.3 2.3594
3.952 212.2 3.6454
4.004 213.7 2.4967
4.056 211.6 3.0984
4.108 212.1 2.7669
4.16 211.5 3.3417
4.212 213.6 2.2706
4.264 215.1 2.2828
4.316 213.3 2.7101
4.368 212.1 3.9001
4.42 212.3 3.4976
4.472 210.6 4.9933
4.524 213.8 2.8206
4.576 213.8 2.974
4.628 213.1 2.4244
4.68 212.2 2.5298
4.732 212.3 2.1108
4.784 213.3 2.9078
4.836 212.6 4.402
4.888 211.8 3.4254
4.94 211.9 4.6296
4.992 212 4.3205
5.044 211.9 4.5814
5.096 212.2 3.6148
5.148 211.9 2.7669
5.2 212.2 2.4404
5.252 212 2.6667
5.304 213.8 2.0976
5.356 213.1 1.5951
5.408 213.6 2.7568
5.46 211.5 5.4212
5.512 212.4 3.5963
5.564 211.6 4.0879
5.616 213.8 1.3166
5.668 214 2.6667
5.72 211 3.9721
5.772 213.7 2.0028
5.824 212.1 2.6854
5.876 213.3 2.8694
5.928 212.7 3.5917
5.98 212.6 3.893
6.032 213.5 2.4608
6.084 212.9 2.7669
6.136 211.4 3.4059
6.188 214.3 2.9833
6.24 210.6 4.0332
6.292 213 2.4495
6.344 213.4 3.7771
6.396 212.9 2.0248
6.448 212.3 4.8774
6.5 211.9 2.7669
6.552 212.8 2.6583
6.604 212.1 3.5418
6.656 213.9 1.6633
6.708 213 2.9814
6.76 213.5 2.5927
6.812 214.4 2.1187
6.864 212.5 2.5927
6.916 213.2 3.0478
6.968 213 3.559
7.02 212 3.1623
7.072 212.8 2.7406
7.124 211.4 3.1693
7.176 213.6 3.3066
7.228 210 3.496
7.28 213.2 2.7406
7.332 210.9 4.9989
7.384 212.6 2.8752
7.436 211.7 2.9078
7.488 211.9 2.8067
7.54 211.9 2.5582
