0.052 207.8 4.7329
0.104 214.4 2.0111
0.156 213.9 3.3483
0.208 212.8 2.5734
0.26 209.9 3.178
0.312 212.8 1.8135
0.364 212 4.1633
0.416 208.9 5.0651
0.468 207 6.1464
0.52 207.6 7.1988
0.572 202.2 8.5088
0.624 197.6 9.5475
0.676 195.9 8.465
0.728 186.4 15.6148
0.78 171.5 24.158
0.832 163.5 29.0832
0.884 141 33.2933
0.936 127.8 39.7151
0.988 117.1 39.4981
1.04 94.3 39.8136
1.092 82 37.6652
1.144 73.6 36.4057
1.196 72.8 32.0444
1.248 60.7 34.474
1.3 53.7 32.4142
1.352 51.2 34.0581
1.404 48.8 34.4087
1.456 42.2 29.0586
1.508 38.6 30.0488
1.56 34.2 28.0071
1.612 32 17.8885
1.664 27.4 16.4601
1.716 24.5 10.8449
1.768 20.5 8.045
1.82 19 6.4636
1.872 15.9 6.4541
1.924 17.3 6.4127
1.976 16.2 5.3292
2.028 14.8 3.6454
2.08 13.5 3.9229
2.132 13.4 4.858
2.184 12.7 4.296
2.236 11.3 4.4734
2.288 9.8 4.7796
2.34 9.3 5.9076
2.392 10.9 3.8715
2.444 8.6 4.402
2.496 7.9 2.1318
2.548 6.9 4.8178
2.6 8.1 5.0651
2.652 6.4 3.4059
2.704 5.2 2.4404
2.756 5.5 4.1164
2.808 4.9 3.6347
2.86 3.8 3.0478
2.912 3.5 2.5055
2.964 3.9 3.2472
3.016 3.5 3.0277
3.068 3.7 2.8304
3.12 3 2.4037
3.172 2.5 2.0138
3.224 2.6 1.7127
3.276 2.1 1.9692
3.328 2 1.1547
3.38 2.6 2.7568
3.432 1.3 1.4944
3.484 2.1 1.792
3.536 1.3 1.4181
3.588 2.4 3.2728
3.64 2.1 2.6437
3.692 1.6 1.7127
3.744 1.2 1.2293
3.796 1 0.94281
3.848 1.1 1.4491
3.9 1.5 1.354
3.952 1.6 1.3499
4.004 1.5 0.97183
4.056 1.5 2.0138
4.108 1.5 1.9003
4.16 1.3 1.4181
4.212 0.8 0.91894
4.264 1.4 1.5776
4.316 1.4 1.5055
4.368 0.5 0.70711
4.42 0.3 0.48305
4.472 0.7 0.82327
4.524 0.6 0.84327
4.576 1.1 1.2867
4.628 0.4 0.69921
4.68 0.8 1.0328
4.732 0.9 1.2867
4.784 0.4 0.5164
4.836 0.7 0.94868
4.888 0.6 0.69921
4.94 0.7 0.94868
4.992 0.3 0.67495
5.044 0.6 0.96609
5.096 0.8 0.78881
5.148 0.2 0.42164
5.2 0.4 0.69921
5.252 0.5 0.70711
5.304 0.4 0.5164
5.356 0.7 0.82327
5.408 0.2 0.63246
5.46 0.5 0.70711
5.512 0.2 0.42164
5.564 0.4 0.69921
5.616 0.4 0.69921
5.668 0.5 0.70711
5.72 0.7 1.0593
5.772 0.9 1.2867
5.824 0.5 1.0801
