0.052 206 10.3172
0.104 213.9 3.755
0.156 213 3.1269
0.208 213.6 3.8644
0.26 213.9 2.6437
0.312 209.1 7.4154
0.364 209.7 5.7745
0.416 206.8 5.8462
0.468 204.5 5.8926
0.52 200.3 7.4394
0.572 196.6 10.2437
0.624 191 15.2534
0.676 181.2 16.8773
0.728 174.8 18.462
0.78 165.7 17.7266
0.832 142.3 27.6608
0.884 132.7 30.9733
0.936 119.3 29.6725
0.988 103.1 36.2842
1.04 90 35.8453
1.092 71.8 31.1869
1.144 59.9 23.9418
1.196 49 22.0907
1.248 45.6 25.6913
1.3 45 26.0598
1.352 39.6 20.04
1.404 34.4 11.8902
1.456 32.3 11.5667
1.508 29.9 15.2129
1.56 30.3 10.4142
1.612 25.7 11.6051
1.664 25.1 11.3671
1.716 24 10.2415
1.768 23 6.7659
1.82 19.6 8.6436
1.872 17.2 8.4827
1.924 18.1 8.5823
1.976 14.5 10.9062
2.028 16 8.3931
2.08 12.7 7.0404
2.132 13.7 7.9169
2.184 14.6 7.4863
2.236 10.8 5.7116
2.288 12.8 6.3034
2.34 11.2 5.2451
2.392 12.1 8.306
2.444 10.2 4.8717
2.496 9.9 5.5066
2.548 8.4 3.6576
2.6 10.3 5.3759
2.652 8.3 5.3344
2.704 7 4.3716
2.756 5.8 3.6148
2.808 7.3 5.0122
2.86 8.1 4.6296
2.912 6.3 4.1913
2.964 5.8 5.0509
3.016 5.2 3.6148
3.068 4.8 3.084
3.12 4.9 2.7264
3.172 4.5 3.3082
3.224 5.6 3.6576
3.276 5.6 3.8644
3.328 3.8 3.1903
3.38 4 3.2998
3.432 3.5 2.7588
3.484 2.3 3.7727
3.536 4.3 3.2677
3.588 2.8 2.1499
3.64 3.2 3.1903
3.692 2.6 2.7568
3.744 3.1 2.1318
3.796 2.1 1.9692
3.848 2.5 1.5811
3.9 2.1 2.0248
3.952 3.2 2.6998
4.004 1.6 2.1705
4.056 2.3 2.0575
4.108 1.5 1.1785
4.16 1 1.0541
4.212 1.4 1.2649
4.264 2.1 2.1318
4.316 0.9 0.99443
4.368 1.5 1.0801
4.42 1.2 1.3984
4.472 1.7 1.8288
4.524 1.8 1.4757
4.576 1 0.94281
4.628 0.8 1.1353
4.68 1.8 2.2998
4.732 2.1 1.912
4.784 1.1 0.8756
4.836 0.6 1.075
4.888 1 1.2472
4.94 0.8 1.2293
4.992 1.8 1.3984
5.044 0.9 1.2867
5.096 1.1 0.99443
5.148 0.7 0.82327
5.2 0.9 0.99443
5.252 0.8 0.91894
5.304 1.2 1.0328
5.356 0.9 1.1005
5.408 0.2 0.42164
5.46 0.5 0.97183
5.512 1 0.8165
5.564 1.2 1.2293
5.616 0.6 0.69921
5.668 0.8 1.5492
5.72 0.6 0.84327
5.772 0.6 1.2649
