0.0052 0.055586 0.0056656
0.0572 0.049709 0.0048049
0.1092 0.048551 0.0046954
0.1612 0.048408 0.0045769
0.2132 0.045495 0.0025915
0.2652 0.045258 0.0040742
0.3172 0.051358 0.0062187
0.3692 0.062845 0.0072543
0.4212 0.048255 0.0039872
0.4732 0.050479 0.0040134
0.5252 0.055735 0.0059079
0.5772 0.054705 0.003903
0.6292 0.056844 0.0063008
0.6812 0.039885 0.0045265
0.7332 0.056721 0.0054995
0.7852 0.048966 0.0040409
0.8372 0.061871 0.0084519
0.8892 0.065877 0.0081764
0.9412 0.073541 0.0088496
0.9932 0.062631 0.010259
1.0452 0.10482 0.020306
1.0972 0.1119 0.023778
1.1492 0.12712 0.021046
1.2012 0.11424 0.017876
1.2532 0.13612 0.014312
1.3052 0.14683 0.033042
1.3572 0.1656 0.031892
1.4092 0.15991 0.034434
1.4612 0.17932 0.038722
1.5132 0.1746 0.028148
1.5652 0.15451 0.025308
1.6172 0.20717 0.025023
1.6692 0.19147 0.030392
1.7212 0.22565 0.015179
1.7732 0.22917 0.022161
1.8252 0.219 0.030643
1.8772 0.23677 0.031875
1.9292 0.2275 0.031876
1.9812 0.25558 0.032034
2.0332 0.24675 0.028436
2.0852 0.20837 0.032094
2.1372 0.2547 0.028215
2.1892 0.20504 0.02014
2.2412 0.20079 0.023871
2.2932 0.22384 0.01631
2.3452 0.25008 0.024095
2.3972 0.22091 0.030446
2.4492 0.26525 0.021495
2.5012 0.24533 0.024408
2.5532 0.26827 0.016901
2.6052 0.24763 0.021513
2.6572 0.25154 0.03056
2.7092 0.27801 0.025164
2.7612 0.30628 0.039986
2.8132 0.3672 0.027523
2.8652 0.37492 0.031398
2.9172 0.37082 0.039979
2.9692 0.41712 0.034112
3.0212 0.40062 0.04198
3.0732 0.42611 0.040755
3.1252 0.41691 0.047981
3.1772 0.40887 0.040341
3.2292 0.39216 0.040715
3.2812 0.43721 0.045337
3.3332 0.44338 0.035732
3.3852 0.44427 0.030004
3.4372 0.4684 0.029881
3.4892 0.41661 0.036658
3.5412 0.43942 0.029783
3.5932 0.46222 0.029606
3.6452 0.48591 0.0237
3.6972 0.51099 0.025246
3.7492 0.48623 0.034072
3.8012 0.4933 0.036048
3.8532 0.46527 0.031377
3.9052 0.4821 0.023909
3.9572 0.47252 0.036389
4.0092 0.46303 0.030732
4.0612 0.51149 0.037383
4.1132 0.55275 0.040144
4.1652 0.53278 0.02866
4.2172 0.5265 0.047296
4.2692 0.52601 0.039557
4.3212 0.50303 0.046377
4.3732 0.565 0.04071
4.4252 0.59888 0.04059
4.4772 0.56606 0.044174
4.5292 0.59201 0.042918
4.5812 0.59143 0.046938
4.6332 0.57546 0.044158
4.6852 0.64031 0.033362
4.7372 0.63408 0.038324
4.7892 0.63345 0.036231
4.8412 0.618 0.035459
4.8932 0.61624 0.039545
4.9452 0.64641 0.031173
4.9972 0.68645 0.01867
5.0492 0.67591 0.028853
5.1012 0.68152 0.026261
5.1532 0.66012 0.021991
5.2052 0.63255 0.035095
5.2572 0.67038 0.014221
5.3092 0.66366 0.01876
5.3612 0.6416 0.022962
5.4132 0.67145 0.014349
5.4652 0.683 0.016934
5.5172 0.63915 0.025773
5.5692 0.64224 0.02482
5.6212 0.64722 0.017657
5.6732 0.65826 0.017995
5.7252 0.67359 0.019436
5.7772 0.67622 0.019199
