0.0052 0.058801 0.0047959
0.0572 0.049229 0.0060893
0.1092 0.038013 0.0065037
0.1612 0.052105 0.0066379
0.2132 0.043384 0.0020281
0.2652 0.058369 0.0063241
0.3172 0.05151 0.0069513
0.3692 0.04765 0.0044485
0.4212 0.05713 0.0058197
0.4732 0.05712 0.0051338
0.5252 0.054521 0.0066093
0.5772 0.040128 0.0060328
0.6292 0.049314 0.0084025
0.6812 0.05467 0.0038405
0.7332 0.06094 0.0046784
0.7852 0.054639 0.0062255
0.8372 0.051973 0.0046121
0.8892 0.056275 0.005662
0.9412 0.054558 0.0057933
0.9932 0.053432 0.0043135
1.0452 0.037311 0.0052713
1.0972 0.049877 0.0039512
1.1492 0.045656 0.0045683
1.2012 0.05209 0.0063904
1.2532 0.048829 0.0072719
1.3052 0.056097 0.0066843
1.3572 0.048166 0.0060353
1.4092 0.056887 0.0062286
1.4612 0.040273 0.004382
1.5132 0.048831 0.0068802
1.5652 0.050503 0.0067016
1.6172 0.042363 0.0042323
1.6692 0.046405 0.0046407
1.7212 0.054716 0.0045659
1.7732 0.049124 0.005804
1.8252 0.042435 0.0042562
1.8772 0.039327 0.0062129
1.9292 0.050061 0.0075237
1.9812 0.054392 0.0057684
2.0332 0.04661 0.00731
2.0852 0.052883 0.0051533
2.1372 0.052428 0.0066482
2.1892 0.050352 0.0041037
2.2412 0.047051 0.0056085
2.2932 0.04532 0.0042917
2.3452 0.049461 0.0065451
2.3972 0.046493 0.0074941
2.4492 0.061248 0.0077175
2.5012 0.043978 0.0034813
2.5532 0.053637 0.0043678
2.6052 0.04278 0.0044565
2.6572 0.043395 0.0039218
2.7092 0.043082 0.005544
2.7612 0.052834 0.0048184
2.8132 0.052133 0.0039407
2.8652 0.051031 0.0048172
2.9172 0.04526 0.004377
2.9692 0.04592 0.0056766
3.0212 0.053285 0.0049119
3.0732 0.044231 0.005886
3.1252 0.046428 0.0056841
3.1772 0.053866 0.0050011
3.2292 0.060382 0.0055089
3.2812 0.042707 0.0059756
3.3332 0.054101 0.0069189
3.3852 0.043045 0.0036954
3.4372 0.045559 0.0053354
3.4892 0.054165 0.0044035
3.5412 0.04479 0.0055924
3.5932 0.040726 0.0058815
3.6452 0.056401 0.0049991
3.6972 0.050075 0.0038562
3.7492 0.049078 0.0037285
3.8012 0.048887 0.0069864
3.8532 0.047435 0.0065134
3.9052 0.053982 0.0034936
3.9572 0.051595 0.0053203
4.0092 0.051247 0.004448
4.0612 0.036543 0.0039401
4.1132 0.052973 0.0063271
4.1652 0.047775 0.0041937
4.2172 0.053655 0.0042679
4.2692 0.052688 0.0038583
4.3212 0.052322 0.0051254
4.3732 0.041873 0.0058608
4.4252 0.047296 0.0052919
4.4772 0.043299 0.0036844
4.5292 0.040026 0.0056079
4.5812 0.048109 0.0043769
4.6332 0.046413 0.0053142
4.6852 0.046775 0.0058241
4.7372 0.046601 0.0036241
4.7892 0.047252 0.0063325
4.8412 0.047063 0.0064649
4.8932 0.053343 0.0053675
4.9452 0.048434 0.0052584
4.9972 0.047483 0.0053839
5.0492 0.057675 0.0075644
5.1012 0.052478 0.0044192
5.1532 0.055611 0.0081216
5.2052 0.048441 0.0054283
5.2572 0.047632 0.0061698
5.3092 0.045765 0.0040394
5.3612 0.038869 0.0024606
5.4132 0.052368 0.0062594
5.4652 0.040825 0.0065645
5.5172 0.050321 0.004734
5.5692 0.05751 0.0047935
5.6212 0.05506 0.007323
5.6732 0.041098 0.0039455
5.7252 0.055548 0.0055058
5.7772 0.051293 0.0049031
5.8292 0.070428 0.0048606
5.8812 0.048847 0.0084675
5.9332 0.050339 0.0068905
5.9852 0.055376 0.006089
6.0372 0.053799 0.008146
6.0892 0.048482 0.0065701
6.1412 0.044517 0.0058634
6.1932 0.040272 0.0052141
6.2452 0.047358 0.0057148
6.2972 0.048237 0.0060644
6.3492 0.050087 0.0065899
6.4012 0.051705 0.0066538
6.4532 0.043152 0.0060873
6.5052 0.044957 0.0036304
6.5572 0.052052 0.0043262
6.6092 0.052218 0.0054435
6.6612 0.042996 0.0021581
6.7132 0.050477 0.0056375
6.7652 0.045135 0.005382
6.8172 0.046023 0.0060233
6.8692 0.048516 0.0064373
6.9212 0.048399 0.0052972
6.9732 0.050879 0.0054786
7.0252 0.041439 0.0051675
7.0772 0.058354 0.0063005
7.1292 0.043805 0.004419
7.1812 0.03998 0.0046673
7.2332 0.047744 0.0039843
7.2852 0.043595 0.0043453
7.3372 0.047228 0.0058166
7.3892 0.049459 0.0029792
7.4412 0.042487 0.0040352
7.4932 0.044439 0.005282
