0.0052 0.05379 0.00602
0.0572 0.064152 0.0055343
0.1092 0.056529 0.0056184
0.1612 0.055611 0.0045001
0.2132 0.045523 0.0051724
0.2652 0.058811 0.0048293
0.3172 0.038417 0.0047588
0.3692 0.058728 0.0054995
0.4212 0.056142 0.0058691
0.4732 0.050163 0.0052347
0.5252 0.044089 0.0041673
0.5772 0.051412 0.0067255
0.6292 0.05369 0.0029389
0.6812 0.052458 0.0046395
0.7332 0.064953 0.0086402
0.7852 0.059828 0.0077016
0.8372 0.061332 0.0042986
0.8892 0.060038 0.0098671
0.9412 0.065622 0.0079723
0.9932 0.092947 0.0090144
1.0452 0.094224 0.019212
1.0972 0.117 0.022336
1.1492 0.11341 0.021294
1.2012 0.12751 0.022693
1.2532 0.13743 0.023466
1.3052 0.13309 0.024813
1.3572 0.14396 0.021951
1.4092 0.14425 0.021451
1.4612 0.14887 0.01989
1.5132 0.16054 0.018214
1.5652 0.15197 0.020477
1.6172 0.19522 0.016544
1.6692 0.18458 0.017406
1.7212 0.20536 0.029395
1.7732 0.14715 0.019856
1.8252 0.18426 0.019316
1.8772 0.18907 0.025698
1.9292 0.17793 0.031593
1.9812 0.17547 0.025082
2.0332 0.17789 0.016018
2.0852 0.17382 0.021922
2.1372 0.24359 0.023388
2.1892 0.21438 0.03651
2.2412 0.20257 0.019747
2.2932 0.20459 0.032411
2.3452 0.21692 0.027156
2.3972 0.23836 0.037408
2.4492 0.22282 0.035733
2.5012 0.2489 0.018909
2.5532 0.2625 0.043136
2.6052 0.19865 0.025401
2.6572 0.24097 0.022063
2.7092 0.23207 0.02261
2.7612 0.25793 0.028981
2.8132 0.27531 0.024109
2.8652 0.26707 0.034304
2.9172 0.28955 0.02118
2.9692 0.30167 0.04019
3.0212 0.31084 0.044224
3.0732 0.33389 0.049742
3.1252 0.37322 0.040999
3.1772 0.35987 0.037728
3.2292 0.40963 0.040009
3.2812 0.4057 0.038818
3.3332 0.39069 0.039529
3.3852 0.4189 0.042303
3.4372 0.41997 0.037534
3.4892 0.41511 0.033231
3.5412 0.41101 0.024744
3.5932 0.42942 0.031158
3.6452 0.4194 0.034066
3.6972 0.41288 0.039468
3.7492 0.39622 0.045372
3.8012 0.39961 0.052218
3.8532 0.3687 0.048664
3.9052 0.38426 0.040864
3.9572 0.42149 0.04876
4.0092 0.38599 0.048859
4.0612 0.36088 0.042383
4.1132 0.42591 0.043859
4.1652 0.38431 0.049169
4.2172 0.42562 0.037253
4.2692 0.4812 0.039397
4.3212 0.47798 0.044115
4.3732 0.46041 0.056064
4.4252 0.52267 0.057974
4.4772 0.48992 0.042862
4.5292 0.49124 0.055926
4.5812 0.49571 0.059479
4.6332 0.53207 0.034175
4.6852 0.52614 0.039961
4.7372 0.52397 0.052514
4.7892 0.52933 0.045907
4.8412 0.54291 0.041274
4.8932 0.56513 0.039049
4.9452 0.54689 0.038405
4.9972 0.54739 0.041496
5.0492 0.59479 0.035155
5.1012 0.59795 0.041578
5.1532 0.58276 0.044423
5.2052 0.57141 0.041079
5.2572 0.56118 0.040835
5.3092 0.56966 0.040835
5.3612 0.5782 0.054872
5.4132 0.54633 0.04918
5.4652 0.55077 0.049176
5.5172 0.55072 0.048849
5.5692 0.55637 0.049659
5.6212 0.57879 0.053257
5.6732 0.58739 0.0474
5.7252 0.54103 0.044201
