0.0052 0.056392 0.0040905
0.0572 0.053487 0.0067531
0.1092 0.040219 0.0063986
0.1612 0.051552 0.0044396
0.2132 0.065125 0.0074622
0.2652 0.044552 0.0039504
0.3172 0.04132 0.0056445
0.3692 0.052587 0.005906
0.4212 0.0472 0.0074249
0.4732 0.05324 0.0073442
0.5252 0.048896 0.0050528
0.5772 0.043037 0.0046534
0.6292 0.052059 0.0061184
0.6812 0.046207 0.0060032
0.7332 0.047484 0.0052716
0.7852 0.044642 0.0072348
0.8372 0.053527 0.0047532
0.8892 0.048026 0.0058216
0.9412 0.048869 0.0063909
0.9932 0.047383 0.0055411
1.0452 0.057251 0.0082638
1.0972 0.061895 0.0064445
1.1492 0.057195 0.0058294
1.2012 0.061265 0.011622
1.2532 0.061089 0.013348
1.3052 0.076118 0.014224
1.3572 0.060225 0.0075026
1.4092 0.075552 0.0092903
1.4612 0.093044 0.0079787
1.5132 0.069695 0.0094613
1.5652 0.096846 0.010676
1.6172 0.10614 0.015919
1.6692 0.11161 0.020874
1.7212 0.12138 0.025191
1.7732 0.12338 0.017899
1.8252 0.1563 0.017811
1.8772 0.16625 0.022281
1.9292 0.16882 0.026871
1.9812 0.16965 0.025533
2.0332 0.19015 0.027812
2.0852 0.21123 0.030222
2.1372 0.21622 0.025547
2.1892 0.21279 0.025946
2.2412 0.20225 0.027135
2.2932 0.24487 0.027355
2.3452 0.22369 0.023887
2.3972 0.20038 0.026265
2.4492 0.23308 0.027483
2.5012 0.23148 0.023498
2.5532 0.19793 0.016766
2.6052 0.25619 0.028178
2.6572 0.24635 0.025949
2.7092 0.21704 0.018693
2.7612 0.22966 0.024249
2.8132 0.24943 0.019673
2.8652 0.25423 0.03539
2.9172 0.25556 0.021564
2.9692 0.25721 0.026407
3.0212 0.25084 0.027811
3.0732 0.27852 0.048435
3.1252 0.27124 0.039823
3.1772 0.26556 0.046328
3.2292 0.30302 0.054632
3.2812 0.32044 0.052518
3.3332 0.33064 0.04874
3.3852 0.36318 0.05113
3.4372 0.33911 0.044416
3.4892 0.34317 0.039402
3.5412 0.42342 0.04647
3.5932 0.401 0.040359
3.6452 0.41831 0.051458
3.6972 0.43592 0.04831
3.7492 0.4293 0.047833
3.8012 0.42708 0.044064
3.8532 0.43042 0.064333
3.9052 0.47961 0.056797
3.9572 0.50228 0.05505
4.0092 0.49987 0.051607
4.0612 0.52412 0.0439
4.1132 0.52281 0.04214
4.1652 0.49188 0.047039
4.2172 0.47004 0.05325
4.2692 0.45151 0.043901
4.3212 0.46489 0.043045
4.3732 0.42969 0.040745
4.4252 0.45903 0.038815
4.4772 0.47851 0.037667
4.5292 0.49048 0.041472
4.5812 0.49368 0.048298
4.6332 0.47292 0.055698
4.6852 0.50392 0.043091
4.7372 0.52073 0.047288
4.7892 0.49274 0.049104
4.8412 0.51012 0.053059
4.8932 0.56063 0.043742
4.9452 0.54835 0.050631
4.9972 0.54201 0.061179
5.0492 0.58304 0.049183
5.1012 0.5828 0.044775
5.1532 0.58474 0.048507
5.2052 0.61074 0.044291
5.2572 0.61155 0.03592
5.3092 0.6404 0.036918
5.3612 0.62058 0.028495
5.4132 0.65508 0.02725
5.4652 0.65708 0.027935
5.5172 0.66963 0.031702
5.5692 0.67139 0.028587
5.6212 0.6489 0.029377
5.6732 0.64147 0.028463
5.7252 0.6492 0.037356
5.7772 0.66239 0.030417
5.8292 0.67207 0.021783
5.8812 0.65651 0.02146
