5.2e-05 0 0
0.005252 -0.00089687 0.0028361
0.010452 -0.00089687 0.0028361
0.015652 -0.0013443 0.0030255
0.020852 -0.0017917 0.0031336
0.026052 -0.0017917 0.0031336
0.031252 -0.0017917 0.0031336
0.036452 -0.0022392 0.0031685
0.041652 -0.0022392 0.0031685
0.046852 -0.0022392 0.0031685
0.052052 -0.0022392 0.0031685
0.057252 -0.0022392 0.0031685
0.062452 -0.003136 0.0036906
0.067652 -0.0040369 0.0049413
0.072852 -0.0049338 0.0049411
0.078052 -0.0058469 0.007677
0.083252 -0.0062944 0.0074246
0.088452 -0.0062944 0.0074246
0.093652 -0.0071912 0.007115
0.098852 -0.0071912 0.007115
0.10405 -0.0071912 0.007115
0.10925 -0.0071912 0.007115
0.11445 -0.0071912 0.007115
0.11965 -0.0081003 0.0084617
0.12485 -0.0081003 0.0084617
0.13005 -0.0085518 0.0086319
0.13525 -0.0094487 0.0080938
0.14045 -0.0094487 0.0080938
0.14565 -0.012149 0.007085
0.15085 -0.011698 0.0071342
0.15605 -0.013054 0.0072105
0.16125 -0.013054 0.0072105
0.16645 -0.01351 0.0076871
0.17165 -0.017602 0.0091789
0.17685 -0.01806 0.0095605
0.18205 -0.018517 0.009904
0.18725 -0.018517 0.009904
0.19245 -0.018973 0.009983
0.19765 -0.018973 0.009983
0.20285 -0.018973 0.009983
0.20805 -0.01988 0.0096113
0.21325 -0.01988 0.0096113
0.21845 -0.020342 0.010329
0.22365 -0.022211 0.014429
0.22885 -0.022211 0.014429
0.23405 -0.023126 0.014585
0.23925 -0.023582 0.014479
0.24445 -0.024499 0.014697
0.24965 -0.026816 0.016559
0.25485 -0.028172 0.015177
0.26005 -0.029098 0.015693
0.26525 -0.029564 0.016149
0.27045 -0.030942 0.015947
0.27565 -0.031876 0.016851
0.28085 -0.031868 0.016269
0.28605 -0.033228 0.014627
0.29125 -0.033228 0.014627
0.29645 -0.033686 0.014325
0.30165 -0.033686 0.014325
0.30685 -0.035074 0.01447
0.31205 -0.035545 0.015086
0.31725 -0.037393 0.014801
0.32245 -0.040214 0.017421
0.32765 -0.043491 0.018565
0.33285 -0.043936 0.017219
0.33805 -0.044871 0.017355
0.34325 -0.045801 0.017096
0.34845 -0.04627 0.017156
0.35365 -0.047191 0.016242
0.35885 -0.048597 0.016255
0.36405 -0.050036 0.01834
0.36925 -0.051454 0.018907
0.37445 -0.051929 0.019197
0.37965 -0.051929 0.019197
0.38485 -0.051929 0.019197
0.39005 -0.052407 0.019601
0.39525 -0.052882 0.019855
0.40045 -0.052882 0.019855
0.40565 -0.055291 0.022698
0.41085 -0.056646 0.019439
0.41605 -0.058053 0.018822
0.42125 -0.058979 0.01757
0.42645 -0.060456 0.020802
0.43165 -0.062329 0.019419
0.43685 -0.065176 0.018943
0.44205 -0.067074 0.018373
0.44725 -0.068517 0.018985
0.45245 -0.070453 0.020203
0.45765 -0.074313 0.021345
0.46285 -0.076254 0.022209
0.46805 -0.077734 0.023828
0.47325 -0.079718 0.026201
0.47845 -0.087514 0.027522
0.48365 -0.089915 0.025951
0.48885 -0.092829 0.025048
0.49405 -0.094736 0.022557
0.49925 -0.096191 0.021668
0.50445 -0.097685 0.02259
0.50965 -0.10112 0.021777
0.51485 -0.10504 0.019711
0.52005 -0.10852 0.019706
0.52525 -0.1131 0.024657
0.53045 -0.11413 0.0257
0.53565 -0.11915 0.026153
0.54085 -0.12477 0.028759
0.54605 -0.1258 0.029736
0.55125 -0.13035 0.02912
0.55645 -0.138 0.029003
0.56165 -0.138 0.029003
0.56685 -0.14267 0.030698
0.57205 -0.14733 0.031409
0.57725 -0.15102 0.033364
0.58245 -0.15318 0.036246
0.58765 -0.15484 0.039201
0.59285 -0.15537 0.039236
0.59805 -0.15793 0.037897
0.60325 -0.16004 0.038487
0.60845 -0.16219 0.040042
0.61365 -0.16421 0.037543
0.61885 -0.16731 0.035944
0.62405 -0.17107 0.037685
0.62925 -0.17272 0.039366
0.63445 -0.17764 0.0432
0.63965 -0.18511 0.042686
0.64485 -0.18794 0.046494
0.65005 -0.19123 0.047845
0.65525 -0.19229 0.047234
0.66045 -0.19396 0.048381
0.66565 -0.1985 0.052943
0.67085 -0.20302 0.056337
0.67605 -0.20476 0.058319
0.68125 -0.20487 0.060475
0.68645 -0.21071 0.067058
0.69165 -0.21689 0.068743
0.69685 -0.22081 0.069515
0.70205 -0.22757 0.070598
0.70725 -0.23201 0.069992
0.71245 -0.23868 0.068382
0.71765 -0.24488 0.067578
0.72285 -0.25008 0.068809
0.72805 -0.25654 0.07118
0.73325 -0.26001 0.071312
0.73845 -0.2657 0.078742
0.74365 -0.27138 0.085245
0.74885 -0.27837 0.092268
0.75405 -0.28487 0.10693
0.75925 -0.28916 0.10855
0.76445 -0.29373 0.11323
0.76965 -0.2986 0.11398
0.77485 -0.30435 0.11136
0.78005 -0.31162 0.11192
0.78525 -0.32066 0.11749
0.79045 -0.32659 0.11533
0.79565 -0.33623 0.12569
0.80085 -0.34923 0.13051
0.80605 -0.36244 0.13578
0.81125 -0.36303 0.13537
0.81645 -0.36859 0.13955
0.82165 -0.3727 0.14142
0.82685 -0.37801 0.14238
0.83205 -0.38129 0.14255
0.83725 -0.38921 0.14303
0.84245 -0.3969 0.1471
0.84765 -0.40093 0.14798
0.85285 -0.40628 0.15427
0.85805 -0.41128 0.15118
0.86325 -0.41012 0.15249
0.86845 -0.41486 0.15272
0.87365 -0.41885 0.1523
0.87885 -0.42201 0.15573
0.88405 -0.42759 0.16262
0.88925 -0.4351 0.16288
0.89445 -0.43729 0.16367
0.89965 -0.44779 0.16955
0.90485 -0.46249 0.17947
0.91005 -0.46412 0.18129
0.91525 -0.47505 0.19743
0.92045 -0.48209 0.20573
0.92565 -0.49048 0.213
0.93085 -0.49779 0.21342
0.93605 -0.50516 0.21838
0.94125 -0.5178 0.21984
0.94645 -0.52906 0.22435
0.95165 -0.53747 0.22987
0.95685 -0.54737 0.22256
0.96205 -0.55914 0.23277
0.96725 -0.56962 0.23603
0.97245 -0.57415 0.23988
0.97765 -0.58043 0.23995
0.98285 -0.59265 0.23388
0.98805 -0.59451 0.23501
0.99325 -0.59777 0.24004
0.99845 -0.60058 0.23815
1.0037 -0.59958 0.23276
1.0089 -0.61141 0.24054
1.0141 -0.6135 0.23894
1.0193 -0.61973 0.23371
1.0245 -0.62353 0.23663
1.0297 -0.63683 0.24644
1.0349 -0.6444 0.25149
1.0401 -0.64977 0.26211
1.0453 -0.65345 0.268
1.0505 -0.65859 0.26878
1.0557 -0.66532 0.26892
1.0609 -0.67333 0.26615
1.0661 -0.67944 0.26266
1.0713 -0.68104 0.26203
1.0765 -0.69095 0.27329
1.0817 -0.69322 0.27176
1.0869 -0.69909 0.26696
1.0921 -0.70009 0.26738
1.0973 -0.69909 0.26696
1.1025 -0.70136 0.26531
1.1077 -0.70402 0.26515
1.1129 -0.70646 0.25949
1.1181 -0.7131 0.26161
1.1233 -0.71606 0.26255
1.1285 -0.72606 0.25506
1.1337 -0.7228 0.24782
1.1389 -0.72287 0.24811
1.1441 -0.72591 0.24968
1.1493 -0.72558 0.24833
1.1545 -0.72867 0.2506
1.1597 -0.74288 0.24779
1.1649 -0.75149 0.24852
1.1701 -0.76376 0.25259
1.1753 -0.77278 0.2551
1.1805 -0.78014 0.25844
1.1857 -0.78094 0.25777
1.1909 -0.78275 0.2661
1.1961 -0.78728 0.27358
1.2013 -0.7997 0.28195
1.2065 -0.80214 0.2845
1.2117 -0.80696 0.284
1.2169 -0.81376 0.27968
1.2221 -0.81838 0.2781
1.2273 -0.81954 0.2788
1.2325 -0.81868 0.27469
1.2377 -0.83377 0.27111
1.2429 -0.83576 0.27079
1.2481 -0.84143 0.26878
1.2533 -0.84348 0.26869
1.2585 -0.84059 0.26464
1.2637 -0.84622 0.26686
1.2689 -0.84908 0.26586
1.2741 -0.85619 0.26538
1.2793 -0.86325 0.2696
1.2845 -0.86658 0.27519
1.2897 -0.86891 0.27603
1.2949 -0.87319 0.27597
1.3001 -0.8757 0.27351
1.3053 -0.87268 0.2742
1.3105 -0.88394 0.27409
1.3157 -0.89037 0.27965
1.3209 -0.89106 0.27825
1.3261 -0.88833 0.27041
1.3313 -0.89822 0.26904
1.3365 -0.90077 0.26632
1.3417 -0.90679 0.264
1.3469 -0.90645 0.26262
1.3521 -0.91124 0.26406
1.3573 -0.91424 0.26271
1.3625 -0.91815 0.26062
1.3677 -0.91734 0.26173
1.3729 -0.92101 0.25863
1.3781 -0.92541 0.25406
1.3833 -0.94096 0.26579
1.3885 -0.94177 0.25908
1.3937 -0.94184 0.25938
1.3989 -0.94911 0.25671
1.4041 -0.95027 0.25669
1.4093 -0.95137 0.26209
1.4145 -0.95246 0.26183
1.4197 -0.95479 0.26186
1.4249 -0.96318 0.26273
1.4301 -0.96615 0.26081
1.4353 -0.97112 0.25735
1.4405 -0.97463 0.2572
1.4457 -0.97787 0.25607
1.4509 -0.97879 0.25469
1.4561 -0.98355 0.25048
1.4613 -0.98597 0.25063
1.4665 -0.99318 0.25127
1.4717 -0.9969 0.24695
1.4769 -1.003 0.24224
1.4821 -1.0034 0.24391
1.4873 -1.0028 0.24139
1.4925 -1.0068 0.23795
1.4977 -1.0088 0.2364
1.5029 -1.0093 0.23291
1.5081 -1.0099 0.23579
1.5133 -1.011 0.22232
1.5185 -1.0109 0.21647
1.5237 -1.0195 0.21765
1.5289 -1.0324 0.21543
1.5341 -1.0337 0.20963
1.5393 -1.0337 0.20963
1.5445 -1.0375 0.2096
1.5497 -1.0419 0.2072
1.5549 -1.0432 0.20707
1.5601 -1.0485 0.20805
1.5653 -1.053 0.20526
1.5705 -1.0552 0.20378
1.5757 -1.0616 0.21202
1.5809 -1.0756 0.20454
1.5861 -1.0801 0.20108
1.5913 -1.0862 0.20629
1.5965 -1.0936 0.20475
1.6017 -1.101 0.19542
1.6069 -1.101 0.19542
1.6121 -1.1091 0.19509
1.6173 -1.1113 0.19245
1.6225 -1.1178 0.19097
1.6277 -1.1242 0.18149
1.6329 -1.1296 0.18057
1.6381 -1.1379 0.17277
1.6433 -1.1498 0.15808
1.6485 -1.1561 0.16385
1.6537 -1.1546 0.16325
1.6589 -1.1619 0.1643
1.6641 -1.1635 0.16535
1.6693 -1.1662 0.16485
1.6745 -1.1675 0.16364
1.6797 -1.1745 0.16268
1.6849 -1.1791 0.16443
1.6901 -1.1791 0.16443
1.6953 -1.1812 0.1691
1.7005 -1.1923 0.15585
1.7057 -1.1948 0.15291
1.7109 -1.2054 0.14393
1.7161 -1.2095 0.14124
1.7213 -1.2123 0.13972
1.7265 -1.2139 0.14034
1.7317 -1.2209 0.13671
1.7369 -1.2263 0.13153
1.7421 -1.2295 0.13262
1.7473 -1.2356 0.13233
1.7525 -1.2418 0.13305
1.7577 -1.2422 0.13578
1.7629 -1.242 0.13466
1.7681 -1.2521 0.12834
1.7733 -1.2583 0.1281
1.7785 -1.2599 0.12812
1.7837 -1.2648 0.12941
1.7889 -1.2682 0.13136
1.7941 -1.2665 0.13078
1.7993 -1.273 0.13222
1.8045 -1.2744 0.13026
1.8097 -1.2801 0.12514
1.8149 -1.2801 0.12514
1.8201 -1.285 0.12584
1.8253 -1.2903 0.12914
1.8305 -1.2889 0.13104
1.8357 -1.2874 0.13231
1.8409 -1.2843 0.13338
1.8461 -1.2823 0.12907
1.8513 -1.2893 0.13536
1.8565 -1.2987 0.14747
1.8617 -1.303 0.14316
1.8669 -1.303 0.14316
1.8721 -1.2996 0.14201
1.8773 -1.3014 0.14308
1.8825 -1.303 0.14316
1.8877 -1.2996 0.14223
1.8929 -1.3016 0.14449
1.8981 -1.2998 0.14344
1.9033 -1.3018 0.14589
1.9085 -1.3015 0.14355
1.9137 -1.3016 0.14449
1.9189 -1.3115 0.14565
1.9241 -1.3223 0.16692
1.9293 -1.3209 0.16848
1.9345 -1.3246 0.17118
1.9397 -1.3364 0.17139
1.9449 -1.3347 0.17167
1.9501 -1.3379 0.17006
1.9553 -1.3469 0.16212
1.9605 -1.3433 0.16132
1.9657 -1.3452 0.16254
1.9709 -1.3469 0.16212
1.9761 -1.3438 0.16412
1.9813 -1.3519 0.16149
1.9865 -1.3697 0.16424
1.9917 -1.3697 0.16424
1.9969 -1.3697 0.16424
2.0021 -1.3697 0.16424
2.0073 -1.3683 0.16605
2.0125 -1.3683 0.16605
2.0177 -1.3683 0.16605
2.0229 -1.3683 0.16605
2.0281 -1.3801 0.16327
2.0333 -1.3832 0.16022
2.0385 -1.3871 0.16278
2.0437 -1.3852 0.16194
2.0489 -1.3897 0.16788
2.0541 -1.3881 0.16935
2.0593 -1.4032 0.17474
2.0645 -1.4109 0.1664
2.0697 -1.4124 0.16466
2.0749 -1.4124 0.16466
2.0801 -1.4124 0.16466
2.0853 -1.4102 0.16153
2.0905 -1.4086 0.16362
2.0957 -1.4144 0.17842
2.1009 -1.4217 0.17915
2.1061 -1.4309 0.17855
2.1113 -1.4363 0.17691
2.1165 -1.4459 0.16686
2.1217 -1.4467 0.15916
2.1269 -1.4486 0.15867
2.1321 -1.4625 0.15076
2.1373 -1.4617 0.14442
2.1425 -1.4775 0.16355
2.1477 -1.48 0.16739
2.1529 -1.4781 0.16774
2.1581 -1.4819 0.16725
2.1633 -1.4888 0.16101
2.1685 -1.487 0.16235
2.1737 -1.4869 0.16174
2.1789 -1.4929 0.16208
2.1841 -1.5011 0.16336
2.1893 -1.5115 0.16588
2.1945 -1.5133 0.16427
2.1997 -1.5185 0.15868
2.2049 -1.5301 0.15423
2.2101 -1.5339 0.15175
2.2153 -1.5339 0.15175
2.2205 -1.5444 0.169
2.2257 -1.5491 0.17215
2.2309 -1.554 0.17671
2.2361 -1.554 0.17671
2.2413 -1.5511 0.1714
2.2465 -1.5642 0.17419
2.2517 -1.5686 0.17529
2.2569 -1.5686 0.17529
2.2621 -1.5686 0.17529
2.2673 -1.5791 0.18827
2.2725 -1.5791 0.18827
2.2777 -1.5753 0.19114
2.2829 -1.5791 0.18827
2.2881 -1.5892 0.18385
2.2933 -1.5936 0.18363
2.2985 -1.5918 0.18592
2.3037 -1.599 0.1771
2.3089 -1.6134 0.17025
2.3141 -1.6183 0.17285
2.3193 -1.6163 0.17425
2.3245 -1.6202 0.17078
2.3297 -1.6202 0.17078
2.3349 -1.6182 0.17221
2.3401 -1.6175 0.16726
2.3453 -1.6148 0.16419
2.3505 -1.6195 0.16604
2.3557 -1.6251 0.17354
2.3609 -1.634 0.18848
2.3661 -1.6362 0.18791
2.3713 -1.6474 0.17259
2.3765 -1.6501 0.17549
2.3817 -1.6501 0.17549
2.3869 -1.6629 0.18261
2.3921 -1.6711 0.206
2.3973 -1.6711 0.206
2.4025 -1.6771 0.20002
2.4077 -1.677 0.19951
2.4129 -1.6762 0.19548
2.4181 -1.679 0.1976
2.4233 -1.679 0.1976
2.4285 -1.681 0.19586
2.4337 -1.681 0.19586
2.4389 -1.681 0.19586
2.4441 -1.69 0.19254
2.4493 -1.6961 0.18603
2.4545 -1.6961 0.18603
2.4597 -1.6961 0.18603
2.4649 -1.6958 0.1843
2.4701 -1.6986 0.18623
2.4753 -1.7161 0.20283
2.4805 -1.7209 0.20214
2.4857 -1.7241 0.20627
2.4909 -1.7389 0.23474
2.4961 -1.7476 0.25401
2.5013 -1.7497 0.25203
2.5065 -1.7497 0.25203
2.5117 -1.7449 0.25319
2.5169 -1.7472 0.25245
2.5221 -1.7478 0.25452
2.5273 -1.7497 0.25203
2.5325 -1.7449 0.25319
2.5377 -1.7476 0.25401
2.5429 -1.7476 0.25401
2.5481 -1.7476 0.25401
2.5533 -1.7429 0.25563
2.5585 -1.7416 0.24802
2.5637 -1.7437 0.25851
2.5689 -1.7563 0.24754
2.5741 -1.7588 0.24728
2.5793 -1.7608 0.24474
2.5845 -1.7668 0.23766
2.5897 -1.7668 0.23766
2.5949 -1.7721 0.23778
2.6001 -1.7806 0.2404
2.6053 -1.7988 0.28191
2.6105 -1.7988 0.28191
2.6157 -1.8106 0.28571
2.6209 -1.8126 0.28344
2.6261 -1.8106 0.28571
2.6313 -1.8122 0.28185
2.6365 -1.8189 0.2757
2.6417 -1.8251 0.27898
2.6469 -1.8196 0.27876
2.6521 -1.8385 0.27899
2.6573 -1.8422 0.29438
2.6625 -1.8465 0.28996
2.6677 -1.858 0.29058
2.6729 -1.8641 0.29184
2.6781 -1.8641 0.29184
2.6833 -1.8743 0.28738
2.6885 -1.8743 0.28738
2.6937 -1.881 0.2908
2.6989 -1.887 0.29154
2.7041 -1.8849 0.29432
2.7093 -1.8845 0.29319
2.7145 -1.8872 0.29216
2.7197 -1.8923 0.28942
2.7249 -1.8948 0.28768
2.7301 -1.9032 0.28584
2.7353 -1.9032 0.28584
2.7405 -1.9032 0.28584
2.7457 -1.9062 0.28579
2.7509 -1.9114 0.29623
2.7561 -1.9257 0.32092
2.7613 -1.9398 0.34075
2.7665 -1.9573 0.3483
2.7717 -1.9702 0.34896
2.7769 -1.9737 0.34996
2.7821 -1.9717 0.35285
2.7873 -1.9697 0.34682
2.7925 -1.9876 0.3349
2.7977 -2.0084 0.33944
2.8029 -2.0084 0.33944
2.8081 -2.0131 0.33392
2.8133 -2.0179 0.32873
2.8185 -2.0179 0.32873
2.8237 -2.0179 0.32873
2.8289 -2.0179 0.32873
2.8341 -2.0179 0.32873
2.8393 -2.0179 0.32873
2.8445 -2.0155 0.33127
2.8497 -2.0179 0.32873
2.8549 -2.0266 0.33614
2.8601 -2.0337 0.34915
2.8653 -2.044 0.33956
2.8705 -2.0727 0.40202
2.8757 -2.0779 0.39736
2.8809 -2.0833 0.39311
2.8861 -2.0966 0.39019
2.8913 -2.0966 0.39019
2.8965 -2.1057 0.38521
2.9017 -2.1053 0.38446
2.9069 -2.1076 0.38102
2.9121 -2.1111 0.38054
2.9173 -2.1084 0.38289
2.9225 -2.1111 0.38054
2.9277 -2.1111 0.38054
2.9329 -2.1111 0.38054
2.9381 -2.1111 0.38054
2.9433 -2.1071 0.37929
2.9485 -2.1111 0.38054
2.9537 -2.1084 0.38289
2.9589 -2.112 0.38276
2.9641 -2.1356 0.37635
2.9693 -2.1356 0.37635
2.9745 -2.1329 0.37907
2.9797 -2.1329 0.37907
2.9849 -2.1321 0.37709
2.9901 -2.1356 0.37635
2.9953 -2.1356 0.37635
3.0005 -2.1298 0.38088
3.0057 -2.1325 0.37819
3.0109 -2.1356 0.37635
3.0161 -2.1576 0.39998
3.0213 -2.1606 0.39802
3.0265 -2.174 0.40295
3.0317 -2.2134 0.44486
3.0369 -2.2194 0.44028
3.0421 -2.2163 0.44251
3.0473 -2.2194 0.44028
3.0525 -2.2194 0.44028
3.0577 -2.2194 0.44028
3.0629 -2.2377 0.44469
3.0681 -2.2398 0.44105
3.0733 -2.2464 0.43014
3.0785 -2.2464 0.43014
3.0837 -2.2538 0.42758
3.0889 -2.25 0.42873
3.0941 -2.2943 0.5098
3.0993 -2.3088 0.50333
3.1045 -2.3122 0.50121
3.1097 -2.3157 0.49924
3.1149 -2.338 0.50911
3.1201 -2.3416 0.50719
3.1253 -2.3493 0.50395
3.1305 -2.3534 0.50271
3.1357 -2.3534 0.50271
3.1409 -2.3493 0.50395
3.1461 -2.3534 0.50271
3.1513 -2.3534 0.50271
3.1565 -2.3534 0.50271
3.1617 -2.3534 0.50271
3.1669 -2.3534 0.50271
3.1721 -2.3534 0.50271
3.1773 -2.3534 0.50271
3.1825 -2.3667 0.50094
3.1877 -2.3716 0.50118
3.1929 -2.3716 0.50118
3.1981 -2.3686 0.50417
3.2033 -2.3686 0.50417
3.2085 -2.3686 0.50417
3.2137 -2.3636 0.49189
3.2189 -2.3748 0.49828
3.2241 -2.385 0.49024
3.2293 -2.385 0.49024
3.2345 -2.385 0.49024
3.2397 -2.385 0.49024
3.2449 -2.385 0.49024
3.2501 -2.385 0.49024
3.2553 -2.3892 0.48896
3.2605 -2.4032 0.48737
3.2657 -2.4032 0.48737
3.2709 -2.4032 0.48737
3.2761 -2.3991 0.48911
3.2813 -2.4032 0.48737
3.2865 -2.4032 0.48737
3.2917 -2.4032 0.48737
3.2969 -2.3983 0.48747
3.3021 -2.4032 0.48737
3.3073 -2.4032 0.48737
3.3125 -2.4032 0.48737
3.3177 -2.4032 0.48737
3.3229 -2.4032 0.48737
3.3281 -2.4032 0.48737
3.3333 -2.4032 0.48737
3.3385 -2.4032 0.48737
3.3437 -2.4032 0.48737
3.3489 -2.4032 0.48737
3.3541 -2.4032 0.48737
3.3593 -2.4032 0.48737
3.3645 -2.4054 0.47542
3.3697 -2.403 0.47945
3.3749 -2.4103 0.47524
3.3801 -2.4103 0.47524
3.3853 -2.4103 0.47524
3.3905 -2.4068 0.47807
3.3957 -2.4103 0.47524
3.4009 -2.4257 0.46572
3.4061 -2.4257 0.46572
3.4113 -2.4233 0.46188
3.4165 -2.4159 0.4664
3.4217 -2.4257 0.46572
3.4269 -2.4768 0.49181
3.4321 -2.4792 0.48751
3.4373 -2.4926 0.47289
3.4425 -2.4885 0.47554
3.4477 -2.5013 0.46837
3.4529 -2.5108 0.46525
3.4581 -2.5108 0.46525
3.4633 -2.5396 0.48263
3.4685 -2.5396 0.48263
3.4737 -2.5396 0.48263
3.4789 -2.5396 0.48263
3.4841 -2.5396 0.48263
3.4893 -2.5396 0.48263
3.4945 -2.5396 0.48263
3.4997 -2.5396 0.48263
3.5049 -2.5278 0.46214
3.5101 -2.5316 0.47611
3.5153 -2.5801 0.53315
3.5205 -2.5801 0.53315
3.5257 -2.5766 0.53692
3.5309 -2.5777 0.5376
3.5361 -2.5777 0.5376
3.5413 -2.5742 0.54132
3.5465 -2.5766 0.53692
3.5517 -2.5732 0.54074
3.5569 -2.5915 0.52242
3.5621 -2.5956 0.51911
3.5673 -2.5956 0.51911
3.5725 -2.5956 0.51911
3.5777 -2.5956 0.51911
3.5829 -2.5956 0.51911
3.5881 -2.5956 0.51911
3.5933 -2.5956 0.51911
3.5985 -2.6061 0.51612
3.6037 -2.6179 0.51531
3.6089 -2.6179 0.51531
3.6141 -2.6179 0.51531
3.6193 -2.6179 0.51531
3.6245 -2.6154 0.52011
3.6297 -2.6061 0.49823
3.6349 -2.613 0.51766
3.6401 -2.6179 0.51531
3.6453 -2.6179 0.51531
3.6505 -2.6179 0.51531
3.6557 -2.6179 0.51531
3.6609 -2.6179 0.51531
3.6661 -2.6179 0.51531
3.6713 -2.6179 0.51531
3.6765 -2.6179 0.51531
3.6817 -2.6138 0.51884
3.6869 -2.6179 0.51531
3.6921 -2.6179 0.51531
3.6973 -2.6179 0.51531
3.7025 -2.6179 0.51531
3.7077 -2.6179 0.51531
3.7129 -2.6179 0.51531
3.7181 -2.6179 0.51531
3.7233 -2.6179 0.51531
3.7285 -2.6402 0.5104
3.7337 -2.6665 0.52342
3.7389 -2.669 0.51838
3.7441 -2.669 0.51838
3.7493 -2.669 0.51838
3.7545 -2.6741 0.50813
3.7597 -2.668 0.50895
3.7649 -2.6795 0.49767
3.7701 -2.6795 0.49767
3.7753 -2.6795 0.49767
3.7805 -2.6795 0.49767
3.7857 -2.6795 0.49767
3.7909 -2.7003 0.50012
3.7961 -2.7083 0.50335
3.8013 -2.7083 0.50335
3.8065 -2.7083 0.50335
3.8117 -2.7083 0.50335
3.8169 -2.7003 0.50012
3.8221 -2.7083 0.50335
3.8273 -2.7083 0.50335
3.8325 -2.7083 0.50335
3.8377 -2.7083 0.50335
3.8429 -2.7083 0.50335
3.8481 -2.7129 0.51273
3.8533 -2.7447 0.54252
3.8585 -2.737 0.52498
3.8637 -2.7593 0.53179
3.8689 -2.7711 0.52722
3.8741 -2.7711 0.52722
3.8793 -2.7711 0.52722
3.8845 -2.7711 0.52722
3.8897 -2.7711 0.52722
3.8949 -2.7711 0.52722
3.9001 -2.7711 0.52722
3.9053 -2.7711 0.52722
3.9105 -2.7711 0.52722
3.9157 -2.7711 0.52722
3.9209 -2.7711 0.52722
3.9261 -2.8404 0.64221
3.9313 -2.8181 0.59888
3.9365 -2.8404 0.64221
3.9417 -2.8404 0.64221
3.9469 -2.8283 0.64586
3.9521 -2.8404 0.64221
3.9573 -2.8404 0.64221
3.9625 -2.8404 0.64221
3.9677 -2.8404 0.64221
3.9729 -2.8404 0.64221
3.9781 -2.8404 0.64221
3.9833 -2.8538 0.65483
3.9885 -2.9097 0.73227
3.9937 -2.9144 0.72281
3.9989 -2.9185 0.71838
4.0041 -2.9215 0.71365
4.0093 -2.9215 0.71365
4.0145 -2.9215 0.71365
4.0197 -2.9215 0.71365
4.0249 -2.9174 0.71813
4.0301 -2.9215 0.71365
4.0353 -2.9215 0.71365
4.0405 -2.9135 0.71404
4.0457 -2.9349 0.69436
4.0509 -2.9269 0.69493
4.0561 -2.9349 0.69436
4.0613 -2.9349 0.69436
4.0665 -2.9349 0.69436
4.0717 -2.9349 0.69436
4.0769 -2.9349 0.69436
4.0821 -2.9349 0.69436
4.0873 -2.9349 0.69436
4.0925 -2.9349 0.69436
4.0977 -2.9349 0.69436
4.1029 -2.9349 0.69436
4.1081 -2.9349 0.69436
4.1133 -2.9349 0.69436
4.1185 -2.9349 0.69436
4.1237 -2.9349 0.69436
4.1289 -2.9349 0.69436
4.1341 -2.9531 0.69651
4.1393 -2.9754 0.70558
4.1445 -2.9754 0.70558
4.1497 -2.9819 0.70245
4.1549 -3.0001 0.70126
4.1601 -3.0042 0.69614
4.1653 -2.9819 0.66254
4.1705 -2.9962 0.69759
4.1757 -3.0042 0.69614
4.1809 -3.0042 0.69614
4.1861 -2.9778 0.66777
4.1913 -3.0042 0.69614
4.1965 -2.9966 0.70645
4.2017 -3.0289 0.70382
4.2069 -3.0407 0.70824
4.2121 -3.0447 0.7029
4.2173 -3.0447 0.7029
4.2225 -3.0447 0.7029
4.2277 -3.0522 0.6919
4.2329 -3.0602 0.68072
4.2381 -3.0378 0.64846
4.2433 -3.0602 0.68072
4.2485 -3.0848 0.68634
4.2537 -3.0889 0.68054
4.2589 -3.0889 0.68054
4.2641 -3.1072 0.65712
4.2693 -3.1189 0.6603
4.2745 -3.1189 0.6603
4.2797 -3.1189 0.6603
4.2849 -3.1372 0.63518
4.2901 -3.1372 0.63518
4.2953 -3.1372 0.63518
4.3005 -3.1372 0.63518
4.3057 -3.1595 0.61046
4.3109 -3.1595 0.61046
4.3161 -3.1595 0.61046
4.3213 -3.1595 0.61046
4.3265 -3.1595 0.61046
4.3317 -3.1728 0.61609
4.3369 -3.1883 0.62608
4.3421 -3.2288 0.66881
4.3473 -3.2288 0.66881
4.3525 -3.2288 0.66881
4.3577 -3.247 0.64056
4.3629 -3.247 0.64056
4.3681 -3.247 0.64056
4.3733 -3.247 0.64056
4.3785 -3.247 0.64056
4.3837 -3.247 0.64056
4.3889 -3.247 0.64056
4.3941 -3.2758 0.65118
4.3993 -3.3115 0.69389
4.4045 -3.294 0.66431
4.4097 -3.3163 0.68664
4.4149 -3.3163 0.68664
4.4201 -3.3163 0.68664
4.4253 -3.3103 0.69352
4.4305 -3.3115 0.69389
4.4357 -3.3163 0.68664
4.4409 -3.3163 0.68664
4.4461 -3.3163 0.68664
4.4513 -3.3163 0.68664
4.4565 -3.3163 0.68664
4.4617 -3.3163 0.68664
4.4669 -3.3387 0.65712
4.4721 -3.3338 0.66487
4.4773 -3.3387 0.65712
4.4825 -3.3387 0.65712
4.4877 -3.3387 0.65712
4.4929 -3.3387 0.65712
4.4981 -3.3387 0.65712
4.5033 -3.3387 0.65712
4.5085 -3.3387 0.65712
4.5137 -3.3387 0.65712
4.5189 -3.3046 0.63538
4.5241 -3.3387 0.65712
4.5293 -3.408 0.692
4.5345 -3.4031 0.6999
4.5397 -3.408 0.692
4.5449 -3.408 0.692
4.5501 -3.408 0.692
4.5553 -3.408 0.692
4.5605 -3.408 0.692
4.5657 -3.4242 0.66759
4.5709 -3.4303 0.65928
4.5761 -3.4242 0.66759
4.5813 -3.4303 0.65928
4.5865 -3.4303 0.65928
4.5917 -3.4303 0.65928
4.5969 -3.4303 0.65928
4.6021 -3.4303 0.65928
4.6073 -3.4185 0.66227
4.6125 -3.4242 0.66759
4.6177 -3.4303 0.65928
4.6229 -3.4303 0.65928
4.6281 -3.4303 0.65928
4.6333 -3.4303 0.65928
4.6385 -3.4303 0.65928
4.6437 -3.4303 0.65928
4.6489 -3.4303 0.65928
4.6541 -3.4591 0.64088
4.6593 -3.4485 0.61903
4.6645 -3.4708 0.63696
4.6697 -3.453 0.64973
4.6749 -3.4648 0.64598
4.6801 -3.4773 0.62786
4.6853 -3.4842 0.61872
4.6905 -3.4916 0.60963
4.6957 -3.4916 0.60963
4.7009 -3.4916 0.60963
4.7061 -3.5609 0.70845
