5.2e-05 0 0
0.005252 0 0
0.010452 -0.0017937 0.0037815
0.015652 -0.0017937 0.0037815
0.020852 -0.0017937 0.0037815
0.026052 -0.0031421 0.0052063
0.031252 -0.0031421 0.0052063
0.036452 -0.0040389 0.0053747
0.041652 -0.0040389 0.0053747
0.046852 -0.0040389 0.0053747
0.052052 -0.0040389 0.0053747
0.057252 -0.0044864 0.0051839
0.062452 -0.0044864 0.0051839
0.067652 -0.0049338 0.0049411
0.072852 -0.0049338 0.0049411
0.078052 -0.0049338 0.0049411
0.083252 -0.0049338 0.0049411
0.088452 -0.0049338 0.0049411
0.093652 -0.0053853 0.0055227
0.098852 -0.0053853 0.0055227
0.10405 -0.0058327 0.0052104
0.10925 -0.0067336 0.0057155
0.11445 -0.0080901 0.0069803
0.11965 -0.0080901 0.0069803
0.12485 -0.0080901 0.0069803
0.13005 -0.0080901 0.0069803
0.13525 -0.0094508 0.0083823
0.14045 -0.0099002 0.0082045
0.14565 -0.01035 0.0079946
0.15085 -0.010801 0.0080353
0.15605 -0.012609 0.0082014
0.16125 -0.013063 0.0083786
0.16645 -0.013518 0.0087917
0.17165 -0.015339 0.0098433
0.17685 -0.015339 0.0098433
0.18205 -0.015339 0.0098433
0.18725 -0.014879 0.0090685
0.19245 -0.01533 0.0088513
0.19765 -0.01533 0.0088513
0.20285 -0.014877 0.0088144
0.20805 -0.014883 0.0095564
0.21325 -0.015343 0.010294
0.21845 -0.015343 0.010294
0.22365 -0.016252 0.010511
0.22885 -0.016699 0.0098146
0.23405 -0.018553 0.013328
0.23925 -0.019454 0.012553
0.24445 -0.019454 0.012553
0.24965 -0.021319 0.015898
0.25485 -0.021319 0.015898
0.26005 -0.021319 0.015898
0.26525 -0.022669 0.014541
0.27045 -0.024525 0.01657
0.27565 -0.024525 0.01657
0.28085 -0.024525 0.01657
0.28605 -0.024981 0.016433
0.29125 -0.024528 0.016707
0.29645 -0.025894 0.016256
0.30165 -0.025894 0.016256
0.30685 -0.028686 0.01874
0.31205 -0.028686 0.01874
0.31725 -0.028686 0.01874
0.32245 -0.029611 0.019133
0.32765 -0.030983 0.018595
0.33285 -0.030983 0.018595
0.33805 -0.033727 0.017217
0.34325 -0.035128 0.018147
0.34845 -0.036976 0.017966
0.35365 -0.036976 0.017966
0.35885 -0.037889 0.017106
0.36405 -0.040756 0.021783
0.36925 -0.042639 0.022888
0.37445 -0.043569 0.022794
0.37965 -0.044531 0.024181
0.38485 -0.044988 0.023749
0.39005 -0.046372 0.022885
0.39525 -0.046838 0.022811
0.40045 -0.048269 0.024064
0.40565 -0.049203 0.023949
0.41085 -0.049679 0.024228
0.41605 -0.050156 0.024597
0.42125 -0.050156 0.024597
0.42645 -0.052496 0.024197
0.43165 -0.054791 0.0213
0.43685 -0.055255 0.020901
0.44205 -0.055717 0.020368
0.44725 -0.057638 0.022029
0.45245 -0.059024 0.020264
0.45765 -0.060473 0.021727
0.46285 -0.060936 0.021114
0.46805 -0.06333 0.022072
0.47325 -0.064282 0.022141
0.47845 -0.067157 0.022872
0.48365 -0.067634 0.022861
0.48885 -0.06955 0.023046
0.49405 -0.070485 0.021922
0.49925 -0.071465 0.023016
0.50445 -0.073919 0.025535
0.50965 -0.076801 0.025256
0.51485 -0.076801 0.025256
0.52005 -0.078739 0.025644
0.52525 -0.081161 0.025842
0.53045 -0.085987 0.024732
0.53565 -0.086963 0.024831
0.54085 -0.087946 0.025232
0.54605 -0.089453 0.027108
0.55125 -0.09139 0.02638
0.55645 -0.093886 0.028369
0.56165 -0.097391 0.030914
0.56685 -0.1048 0.030987
0.57205 -0.10729 0.031395
0.57725 -0.11328 0.031647
0.58245 -0.11885 0.033454
0.58765 -0.12391 0.034374
0.59285 -0.13151 0.034186
0.59805 -0.13624 0.038382
0.60325 -0.14085 0.038324
0.60845 -0.14303 0.041888
0.61365 -0.14793 0.048362
0.61885 -0.15208 0.048465
0.62405 -0.15413 0.047661
0.62925 -0.15627 0.048958
0.63445 -0.16096 0.048517
0.63965 -0.16309 0.049207
0.64485 -0.16579 0.050755
0.65005 -0.17208 0.049701
0.65525 -0.177 0.052716
0.66045 -0.17861 0.053063
0.66565 -0.18526 0.05758
0.67085 -0.18737 0.056977
0.67605 -0.19129 0.059854
0.68125 -0.19364 0.063248
0.68645 -0.19581 0.063384
0.69165 -0.19856 0.063808
0.69685 -0.20307 0.066396
0.70205 -0.20815 0.068881
0.70725 -0.2125 0.06819
0.71245 -0.21631 0.067267
0.71765 -0.22299 0.067635
0.72285 -0.2298 0.069244
0.72805 -0.23223 0.072153
0.73325 -0.23387 0.071519
0.73845 -0.23548 0.070396
0.74365 -0.23997 0.069877
0.74885 -0.24554 0.076936
0.75405 -0.24738 0.07874
0.75925 -0.25385 0.081227
0.76445 -0.25774 0.079298
0.76965 -0.25887 0.078868
0.77485 -0.26459 0.078164
0.78005 -0.26445 0.076168
0.78525 -0.26755 0.078915
0.79045 -0.27 0.08066
0.79565 -0.27513 0.078841
0.80085 -0.2802 0.075719
0.80605 -0.28754 0.079133
0.81125 -0.28994 0.079511
0.81645 -0.29104 0.07823
0.82165 -0.29842 0.081117
0.82685 -0.30084 0.081268
0.83205 -0.30465 0.083846
0.83725 -0.30921 0.088126
0.84245 -0.3123 0.088878
0.84765 -0.32081 0.088407
0.85285 -0.32381 0.08771
0.85805 -0.32643 0.089798
0.86325 -0.32854 0.092994
0.86845 -0.33331 0.091024
0.87365 -0.34095 0.093144
0.87885 -0.34914 0.10126
0.88405 -0.35579 0.10514
0.88925 -0.36144 0.10431
0.89445 -0.36795 0.10531
0.89965 -0.37538 0.10862
0.90485 -0.38208 0.1108
0.91005 -0.38477 0.11167
0.91525 -0.3897 0.11522
0.92045 -0.39239 0.11576
0.92565 -0.39371 0.11584
0.93085 -0.39662 0.11854
0.93605 -0.40258 0.1248
0.94125 -0.40512 0.12988
0.94645 -0.40987 0.13075
0.95165 -0.4156 0.13381
0.95685 -0.42569 0.1392
0.96205 -0.43691 0.1473
0.96725 -0.44458 0.14812
0.97245 -0.45055 0.15143
0.97765 -0.45532 0.15595
0.98285 -0.46489 0.15927
0.98805 -0.47207 0.16004
0.99325 -0.47265 0.15917
0.99845 -0.47816 0.16299
1.0037 -0.48755 0.16336
1.0089 -0.49624 0.16318
1.0141 -0.50279 0.16815
1.0193 -0.51216 0.17152
1.0245 -0.51621 0.16889
1.0297 -0.52397 0.16569
1.0349 -0.53567 0.16309
1.0401 -0.54389 0.16181
1.0453 -0.55421 0.16926
1.0505 -0.55814 0.16962
1.0557 -0.56569 0.16845
1.0609 -0.57507 0.17324
1.0661 -0.58756 0.1727
1.0713 -0.59369 0.17644
1.0765 -0.60317 0.18048
1.0817 -0.61546 0.18133
1.0869 -0.62116 0.18631
1.0921 -0.62517 0.18598
1.0973 -0.63287 0.18749
1.1025 -0.63789 0.19271
1.1077 -0.64722 0.19341
1.1129 -0.65694 0.19999
1.1181 -0.67057 0.20432
1.1233 -0.68556 0.20617
1.1285 -0.69075 0.20604
1.1337 -0.70084 0.21733
1.1389 -0.70652 0.21483
1.1441 -0.71127 0.21175
1.1493 -0.71277 0.21024
1.1545 -0.71891 0.20906
1.1597 -0.72266 0.2097
1.1649 -0.72917 0.21046
1.1701 -0.73715 0.20908
1.1753 -0.74191 0.20991
1.1805 -0.74316 0.2072
1.1857 -0.74923 0.2103
1.1909 -0.75475 0.21028
1.1961 -0.75337 0.20797
1.2013 -0.75871 0.20651
1.2065 -0.76705 0.20527
1.2117 -0.77221 0.20756
1.2169 -0.77482 0.20609
1.2221 -0.77468 0.20517
1.2273 -0.78009 0.20831
1.2325 -0.78699 0.21454
1.2377 -0.78811 0.21094
1.2429 -0.79108 0.20596
1.2481 -0.79345 0.20348
1.2533 -0.80442 0.20523
1.2585 -0.80671 0.1966
1.2637 -0.80909 0.19921
1.2689 -0.81562 0.1968
1.2741 -0.81562 0.1968
1.2793 -0.82193 0.19346
1.2845 -0.82833 0.19565
1.2897 -0.83432 0.19573
1.2949 -0.8402 0.19468
1.3001 -0.84239 0.19029
1.3053 -0.8421 0.18885
1.3105 -0.84757 0.19059
1.3157 -0.85226 0.188
1.3209 -0.86913 0.19446
1.3261 -0.88011 0.19725
1.3313 -0.87811 0.19772
1.3365 -0.88514 0.19041
1.3417 -0.88761 0.18643
1.3469 -0.89131 0.18316
1.3521 -0.90133 0.17874
1.3573 -0.90999 0.1786
1.3625 -0.91575 0.17322
1.3677 -0.92073 0.16946
1.3729 -0.92767 0.17087
1.3781 -0.92767 0.17087
1.3833 -0.93026 0.16627
1.3885 -0.93203 0.16332
1.3937 -0.93312 0.15582
1.3989 -0.9372 0.16045
1.4041 -0.94087 0.16235
1.4093 -0.94634 0.16104
1.4145 -0.95815 0.17144
1.4197 -0.96484 0.17706
1.4249 -0.98086 0.18965
1.4301 -0.98224 0.19083
1.4353 -0.98346 0.19149
1.4405 -0.98346 0.19149
1.4457 -0.98505 0.1875
1.4509 -0.98988 0.18106
1.4561 -1.0001 0.19282
1.4613 -1.0032 0.19678
1.4665 -1.0047 0.19888
1.4717 -1.0044 0.19683
1.4769 -1.0058 0.19809
1.4821 -1.0069 0.19735
1.4873 -1.0135 0.1935
1.4925 -1.0154 0.19052
1.4977 -1.018 0.19084
1.5029 -1.0205 0.1909
1.5081 -1.0219 0.1853
1.5133 -1.0269 0.18548
1.5185 -1.0299 0.1883
1.5237 -1.0288 0.18922
1.5289 -1.0288 0.18922
1.5341 -1.0426 0.19785
1.5393 -1.0474 0.19659
1.5445 -1.047 0.19412
1.5497 -1.0435 0.19573
1.5549 -1.0503 0.19875
1.5601 -1.0555 0.19958
1.5653 -1.0599 0.20304
1.5705 -1.0618 0.19993
1.5757 -1.0672 0.20152
1.5809 -1.0672 0.20152
1.5861 -1.071 0.20109
1.5913 -1.071 0.20109
1.5965 -1.071 0.20109
1.6017 -1.071 0.20109
1.6069 -1.07 0.2024
1.6121 -1.0768 0.21228
1.6173 -1.0798 0.20148
1.6225 -1.083 0.20456
1.6277 -1.0844 0.20524
1.6329 -1.0885 0.20629
1.6381 -1.0868 0.20351
1.6433 -1.0913 0.20658
1.6485 -1.0926 0.20637
1.6537 -1.0953 0.20706
1.6589 -1.1024 0.21079
1.6641 -1.1029 0.20672
1.6693 -1.1064 0.20455
1.6745 -1.1076 0.20364
1.6797 -1.1129 0.20318
1.6849 -1.1094 0.20553
1.6901 -1.125 0.21119
1.6953 -1.131 0.21418
1.7005 -1.131 0.21418
1.7057 -1.131 0.21418
1.7109 -1.1451 0.20885
1.7161 -1.1464 0.20872
1.7213 -1.1525 0.21106
1.7265 -1.1554 0.21175
1.7317 -1.1615 0.21382
1.7369 -1.1597 0.21182
1.7421 -1.1603 0.21518
1.7473 -1.1625 0.21199
1.7525 -1.1611 0.21223
1.7577 -1.1611 0.21223
1.7629 -1.1625 0.21199
1.7681 -1.1611 0.21223
1.7733 -1.1625 0.21199
1.7785 -1.1625 0.21199
1.7837 -1.1625 0.21199
1.7889 -1.1642 0.2063
1.7941 -1.1673 0.20795
1.7993 -1.1802 0.22438
1.8045 -1.1792 0.2262
1.8097 -1.1792 0.2262
1.8149 -1.1802 0.22438
1.8201 -1.1814 0.22291
1.8253 -1.1831 0.22463
1.8305 -1.1888 0.22404
1.8357 -1.191 0.22087
1.8409 -1.1935 0.21938
1.8461 -1.1937 0.2126
1.8513 -1.1958 0.21619
1.8565 -1.2015 0.22288
1.8617 -1.2027 0.22153
1.8669 -1.2006 0.21811
1.8721 -1.2015 0.22288
1.8773 -1.2084 0.22033
1.8825 -1.2084 0.22033
1.8877 -1.2072 0.22171
1.8929 -1.2096 0.21898
1.8981 -1.2096 0.21898
1.9033 -1.2144 0.22121
1.9085 -1.2207 0.22297
1.9137 -1.2207 0.22297
1.9189 -1.2205 0.22201
1.9241 -1.2324 0.22857
1.9293 -1.2434 0.24535
1.9345 -1.2638 0.27114
1.9397 -1.2638 0.27114
1.9449 -1.2759 0.27552
1.9501 -1.2911 0.29252
1.9553 -1.2965 0.29469
1.9605 -1.2986 0.29649
1.9657 -1.3003 0.29689
1.9709 -1.2969 0.2962
1.9761 -1.3021 0.29739
1.9813 -1.2997 0.3001
1.9865 -1.2997 0.3001
1.9917 -1.3049 0.30087
1.9969 -1.3103 0.29725
2.0021 -1.309 0.29858
2.0073 -1.309 0.29858
2.0125 -1.3103 0.29725
2.0177 -1.3138 0.30363
2.0229 -1.3241 0.30622
2.0281 -1.3264 0.30859
2.0333 -1.3264 0.30859
2.0385 -1.3285 0.30501
2.0437 -1.3271 0.30606
2.0489 -1.3296 0.30342
2.0541 -1.3286 0.30522
2.0593 -1.3325 0.30165
2.0645 -1.338 0.29708
2.0697 -1.3437 0.30659
2.0749 -1.3526 0.31597
2.0801 -1.3567 0.32547
2.0853 -1.3567 0.32547
2.0905 -1.3601 0.32074
2.0957 -1.361 0.31796
2.1009 -1.3672 0.31561
2.1061 -1.3672 0.31561
2.1113 -1.3672 0.31561
2.1165 -1.3732 0.31811
2.1217 -1.3732 0.31811
2.1269 -1.3739 0.32041
2.1321 -1.3787 0.31407
2.1373 -1.3869 0.30617
2.1425 -1.3921 0.30048
2.1477 -1.4028 0.2957
2.1529 -1.4035 0.29871
2.1581 -1.4095 0.30055
2.1633 -1.4173 0.31064
2.1685 -1.4251 0.32091
2.1737 -1.4253 0.32141
2.1789 -1.4238 0.32249
2.1841 -1.4265 0.31949
2.1893 -1.4363 0.33564
2.1945 -1.4474 0.35259
2.1997 -1.4548 0.35194
2.2049 -1.4548 0.35194
2.2101 -1.456 0.35004
2.2153 -1.4603 0.34592
2.2205 -1.4645 0.34171
2.2257 -1.4675 0.33919
2.2309 -1.4713 0.32523
2.2361 -1.4826 0.33951
2.2413 -1.4853 0.34247
2.2465 -1.4853 0.34247
2.2517 -1.4901 0.33455
2.2569 -1.4936 0.32797
2.2621 -1.5028 0.32009
2.2673 -1.5013 0.32169
2.2725 -1.5028 0.32009
2.2777 -1.5053 0.31534
2.2829 -1.5089 0.31407
2.2881 -1.5076 0.3161
2.2933 -1.5041 0.31757
2.2985 -1.502 0.31752
2.3037 -1.5061 0.31775
2.3089 -1.5045 0.31888
2.3141 -1.5061 0.31775
2.3193 -1.5026 0.31083
2.3245 -1.5061 0.31775
2.3297 -1.506 0.31753
2.3349 -1.5063 0.31815
2.3401 -1.5143 0.31787
2.3453 -1.5143 0.31787
2.3505 -1.5143 0.31787
2.3557 -1.5143 0.31787
2.3609 -1.5108 0.31941
2.3661 -1.5128 0.31954
2.3713 -1.5215 0.32156
2.3765 -1.5193 0.32081
2.3817 -1.5208 0.31911
2.3869 -1.5208 0.31911
2.3921 -1.5208 0.31911
2.3973 -1.523 0.31985
2.4025 -1.523 0.31985
2.4077 -1.5208 0.31911
2.4129 -1.523 0.31985
2.4181 -1.5273 0.32806
2.4233 -1.5313 0.32795
2.4285 -1.5654 0.36954
2.4337 -1.5618 0.37128
2.4389 -1.5926 0.40455
2.4441 -1.5939 0.40262
2.4493 -1.5972 0.40017
2.4545 -1.6008 0.39792
2.4597 -1.5995 0.3999
2.4649 -1.5995 0.3999
2.4701 -1.5988 0.39826
2.4753 -1.601 0.39836
2.4805 -1.5967 0.39865
2.4857 -1.6165 0.42126
2.4909 -1.6165 0.42126
2.4961 -1.6165 0.42126
2.5013 -1.6112 0.42446
2.5065 -1.6165 0.42126
2.5117 -1.6165 0.42126
2.5169 -1.6298 0.44447
2.5221 -1.6298 0.44447
2.5273 -1.6336 0.43886
2.5325 -1.6364 0.43974
2.5377 -1.6401 0.43782
2.5429 -1.6423 0.43767
2.5481 -1.644 0.43627
2.5533 -1.6422 0.43209
2.5585 -1.6516 0.42798
2.5637 -1.658 0.42174
2.5689 -1.6645 0.42948
2.5741 -1.6662 0.42795
2.5793 -1.6662 0.42795
2.5845 -1.6753 0.43218
2.5897 -1.6938 0.46715
2.5949 -1.6938 0.46715
2.6001 -1.6938 0.46715
2.6053 -1.6938 0.46715
2.6105 -1.6898 0.46206
2.6157 -1.6973 0.46436
2.6209 -1.7113 0.4632
2.6261 -1.7113 0.4632
2.6313 -1.7113 0.4632
2.6365 -1.7147 0.46011
2.6417 -1.7298 0.47702
2.6469 -1.7431 0.4766
2.6521 -1.7445 0.47465
2.6573 -1.748 0.47154
2.6625 -1.7886 0.53882
2.6677 -1.7886 0.53882
2.6729 -1.7886 0.53882
2.6781 -1.7886 0.53882
2.6833 -1.79 0.53698
2.6885 -1.7882 0.53848
2.6937 -1.7915 0.53514
2.6989 -1.7929 0.53332
2.7041 -1.7899 0.53242
2.7093 -1.7819 0.51371
2.7145 -1.7975 0.52789
2.7197 -1.7957 0.52945
2.7249 -1.812 0.5398
2.7301 -1.82 0.54754
2.7353 -1.8333 0.55506
2.7405 -1.8353 0.55374
2.7457 -1.8356 0.55411
2.7509 -1.8448 0.54621
2.7561 -1.8432 0.5481
2.7613 -1.8499 0.54518
2.7665 -1.8769 0.5477
2.7717 -1.9031 0.54429
2.7769 -1.9246 0.55395
2.7821 -1.9246 0.55395
2.7873 -1.9262 0.55185
2.7925 -1.9362 0.53936
2.7977 -1.9454 0.52931
2.8029 -1.9555 0.5199
2.8081 -1.9555 0.5199
2.8133 -1.9555 0.5199
2.8185 -1.9555 0.5199
2.8237 -1.9555 0.5199
2.8289 -1.9555 0.5199
2.8341 -1.9644 0.51313
2.8393 -1.9715 0.50844
2.8445 -1.9763 0.50541
2.8497 -1.9787 0.50386
2.8549 -1.9787 0.50386
2.8601 -1.9812 0.50239
2.8653 -1.9837 0.50101
2.8705 -1.989 0.49853
2.8757 -1.989 0.49853
2.8809 -1.9884 0.48806
2.8861 -2.0004 0.49503
2.8913 -2.0066 0.49423
2.8965 -2.0047 0.4966
2.9017 -2.0168 0.49461
2.9069 -2.0369 0.4887
2.9121 -2.0322 0.48542
2.9173 -2.0341 0.47759
2.9225 -2.0409 0.49031
2.9277 -2.0543 0.4979
2.9329 -2.0592 0.50154
2.9381 -2.0613 0.49916
2.9433 -2.0679 0.4922
2.9485 -2.0679 0.4922
2.9537 -2.0708 0.49068
2.9589 -2.0755 0.48631
2.9641 -2.0774 0.48358
2.9693 -2.0694 0.48101
2.9745 -2.0721 0.48695
2.9797 -2.0763 0.47184
2.9849 -2.0808 0.47542
2.9901 -2.0824 0.47934
2.9953 -2.0879 0.47608
3.0005 -2.0879 0.47608
3.0057 -2.0975 0.4667
3.0109 -2.0897 0.46512
3.0161 -2.1098 0.46306
3.0213 -2.1129 0.46173
3.0265 -2.1129 0.46173
3.0317 -2.1129 0.46173
3.0369 -2.1129 0.46173
3.0421 -2.1104 0.46411
3.0473 -2.1129 0.46173
3.0525 -2.1129 0.46173
3.0577 -2.1234 0.47053
3.0629 -2.1352 0.48291
3.0681 -2.1321 0.48434
3.0733 -2.1352 0.48291
3.0785 -2.1333 0.48589
3.0837 -2.1352 0.48291
3.0889 -2.1427 0.49228
3.0941 -2.1487 0.49802
3.0993 -2.1575 0.50209
3.1045 -2.1575 0.50209
3.1097 -2.1655 0.49024
3.1149 -2.1728 0.47935
3.1201 -2.1789 0.48539
3.1253 -2.1789 0.48539
3.1305 -2.1761 0.48766
3.1357 -2.1853 0.49257
3.1409 -2.1853 0.49257
3.1461 -2.1853 0.49257
3.1513 -2.2076 0.52278
3.1565 -2.2076 0.52278
3.1617 -2.2049 0.52506
3.1669 -2.2076 0.52278
3.1721 -2.219 0.52092
3.1773 -2.2206 0.52354
3.1825 -2.2318 0.52177
3.1877 -2.2385 0.5269
3.1929 -2.2385 0.5269
3.1981 -2.2385 0.5269
3.2033 -2.2385 0.5269
3.2085 -2.2385 0.5269
3.2137 -2.2413 0.52444
3.2189 -2.2413 0.52444
3.2241 -2.2701 0.57195
3.2293 -2.2818 0.59434
3.2345 -2.2818 0.59434
3.2397 -2.2818 0.59434
3.2449 -2.2791 0.59672
3.2501 -2.2818 0.59434
3.2553 -2.2818 0.59434
3.2605 -2.2818 0.59434
3.2657 -2.2818 0.59434
3.2709 -2.2788 0.59635
3.2761 -2.2818 0.59434
3.2813 -2.2818 0.59434
3.2865 -2.2818 0.59434
3.2917 -2.2818 0.59434
3.2969 -2.2764 0.59915
3.3021 -2.2818 0.59434
3.3073 -2.2818 0.59434
3.3125 -2.2818 0.59434
3.3177 -2.2818 0.59434
3.3229 -2.2818 0.59434
3.3281 -2.2818 0.59434
3.3333 -2.2818 0.59434
3.3385 -2.2818 0.59434
3.3437 -2.2758 0.59059
3.3489 -2.2758 0.59059
3.3541 -2.2818 0.59434
3.3593 -2.2818 0.59434
3.3645 -2.2861 0.58856
3.3697 -2.3311 0.64298
3.3749 -2.3311 0.64298
3.3801 -2.3132 0.62022
3.3853 -2.3311 0.64298
3.3905 -2.3311 0.64298
3.3957 -2.3311 0.64298
3.4009 -2.3362 0.63777
3.4061 -2.3389 0.63521
3.4113 -2.3416 0.63269
3.4165 -2.3394 0.63554
3.4217 -2.3416 0.63269
3.4269 -2.3416 0.63269
3.4321 -2.3416 0.63269
3.4373 -2.3416 0.63269
3.4425 -2.3416 0.63269
3.4477 -2.3416 0.63269
3.4529 -2.3416 0.63269
3.4581 -2.3416 0.63269
3.4633 -2.3416 0.63269
3.4685 -2.3416 0.63269
3.4737 -2.3389 0.63521
3.4789 -2.3416 0.63269
3.4841 -2.3416 0.63269
3.4893 -2.3416 0.63269
3.4945 -2.3416 0.63269
3.4997 -2.3416 0.63269
3.5049 -2.3639 0.63949
3.5101 -2.3639 0.63949
3.5153 -2.3757 0.62954
3.5205 -2.3639 0.61047
3.5257 -2.3757 0.62954
3.5309 -2.3757 0.62954
3.5361 -2.3757 0.62954
3.5413 -2.3757 0.62954
3.5465 -2.3757 0.62954
3.5517 -2.3579 0.60773
3.5569 -2.3757 0.62954
3.5621 -2.3757 0.62954
3.5673 -2.3757 0.62954
3.5725 -2.3757 0.62954
3.5777 -2.3757 0.62954
3.5829 -2.3696 0.62701
3.5881 -2.4045 0.68245
3.5933 -2.445 0.76922
3.5985 -2.445 0.76922
3.6037 -2.4521 0.76116
3.6089 -2.4708 0.74263
3.6141 -2.4858 0.72964
3.6193 -2.4959 0.72244
3.6245 -2.5154 0.70664
3.6297 -2.5387 0.69903
3.6349 -2.549 0.69143
3.6401 -2.549 0.69143
3.6453 -2.549 0.69143
3.6505 -2.549 0.69143
3.6557 -2.549 0.69143
3.6609 -2.549 0.69143
3.6661 -2.5463 0.69465
3.6713 -2.5463 0.69465
3.6765 -2.5463 0.69465
3.6817 -2.631 0.79728
3.6869 -2.631 0.79728
3.6921 -2.631 0.79728
3.6973 -2.631 0.79728
3.7025 -2.631 0.79728
3.7077 -2.6337 0.79415
3.7129 -2.6246 0.79732
3.7181 -2.6337 0.79415
3.7233 -2.6337 0.79415
3.7285 -2.6337 0.79415
3.7337 -2.6337 0.79415
3.7389 -2.6369 0.79115
3.7441 -2.6471 0.78233
3.7493 -2.644 0.78545
3.7545 -2.6471 0.78233
3.7597 -2.6471 0.78233
3.7649 -2.6604 0.77008
3.7701 -2.6763 0.77425
3.7753 -2.6669 0.73393
3.7805 -2.6892 0.77455
3.7857 -2.6892 0.77455
3.7909 -2.7282 0.76547
3.7961 -2.7282 0.76547
3.8013 -2.7282 0.76547
3.8065 -2.7282 0.76547
3.8117 -2.7362 0.76727
3.8169 -2.7362 0.76727
3.8221 -2.7282 0.76547
3.8273 -2.7282 0.76547
3.8325 -2.7282 0.76547
3.8377 -2.7362 0.76727
3.8429 -2.7362 0.76727
3.8481 -2.7362 0.76727
3.8533 -2.7362 0.76727
3.8585 -2.7301 0.76836
3.8637 -2.7362 0.76727
3.8689 -2.7059 0.72568
3.8741 -2.7362 0.76727
3.8793 -2.7362 0.76727
3.8845 -2.7362 0.76727
3.8897 -2.7525 0.76143
3.8949 -2.7739 0.74626
3.9001 -2.7712 0.75016
3.9053 -2.7739 0.74626
3.9105 -2.7739 0.74626
3.9157 -2.7739 0.74626
3.9209 -2.7739 0.74626
3.9261 -2.7739 0.74626
3.9313 -2.7739 0.74626
3.9365 -2.7739 0.74626
3.9417 -2.7739 0.74626
3.9469 -2.7739 0.74626
3.9521 -2.7739 0.74626
3.9573 -2.7739 0.74626
3.9625 -2.7739 0.74626
3.9677 -2.7704 0.74997
3.9729 -2.7739 0.74626
3.9781 -2.7739 0.74626
3.9833 -2.7739 0.74626
3.9885 -2.7963 0.73766
3.9937 -2.7963 0.73766
3.9989 -2.7922 0.74122
4.0041 -2.7902 0.73934
4.0093 -2.7963 0.73766
4.0145 -2.7963 0.73766
4.0197 -2.7963 0.73766
4.0249 -2.8096 0.7357
4.0301 -2.825 0.73645
4.0353 -2.825 0.73645
4.0405 -2.825 0.73645
4.0457 -2.825 0.73645
4.0509 -2.825 0.73645
4.0561 -2.825 0.73645
4.0613 -2.825 0.73645
4.0665 -2.825 0.73645
4.0717 -2.825 0.73645
4.0769 -2.825 0.73645
4.0821 -2.825 0.73645
4.0873 -2.8571 0.72069
4.0925 -2.8666 0.72361
4.0977 -2.8972 0.68663
4.1029 -2.9195 0.72203
4.1081 -2.9436 0.7206
4.1133 -3.033 0.79451
4.1185 -3.033 0.79451
4.1237 -3.0269 0.79807
4.1289 -3.033 0.79451
4.1341 -3.042 0.80303
4.1393 -3.0224 0.77054
4.1445 -3.0447 0.79836
4.1497 -3.0447 0.79836
4.1549 -3.0447 0.79836
4.1601 -3.025 0.7961
4.1653 -3.0447 0.79836
4.1705 -3.0447 0.79836
4.1757 -3.0447 0.79836
4.1809 -3.0447 0.79836
4.1861 -3.0224 0.77054
4.1913 -3.0447 0.79836
4.1965 -3.0224 0.77054
4.2017 -3.042 0.80303
4.2069 -3.0447 0.79836
4.2121 -3.0735 0.78722
4.2173 -3.0735 0.78722
4.2225 -3.0735 0.78722
4.2277 -3.0708 0.79207
4.2329 -3.0735 0.78722
4.2381 -3.0735 0.78722
4.2433 -3.0822 0.7859
4.2485 -3.1061 0.76852
4.2537 -3.1258 0.76855
4.2589 -3.1258 0.76855
4.2641 -3.1258 0.76855
4.2693 -3.1035 0.74232
4.2745 -3.1258 0.76855
4.2797 -3.1258 0.76855
4.2849 -3.1258 0.76855
4.2901 -3.1258 0.76855
4.2953 -3.1258 0.76855
4.3005 -3.1258 0.76855
4.3057 -3.1258 0.76855
4.3109 -3.1223 0.77392
4.3161 -3.1258 0.76855
4.3213 -3.1035 0.74232
4.3265 -3.1258 0.76855
4.3317 -3.1258 0.76855
4.3369 -3.1258 0.76855
4.3421 -3.1258 0.76855
4.3473 -3.1198 0.77304
4.3525 -3.1392 0.74661
4.3577 -3.1392 0.74661
4.3629 -3.1797 0.7448
4.3681 -3.1797 0.7448
4.3733 -3.1797 0.7448
4.3785 -3.1797 0.7448
4.3837 -3.1951 0.7207
4.3889 -3.1951 0.7207
4.3941 -3.1951 0.7207
4.3993 -3.1951 0.7207
4.4045 -3.1951 0.7207
4.4097 -3.1951 0.7207
4.4149 -3.1951 0.7207
4.4201 -3.1951 0.7207
4.4253 -3.1951 0.7207
4.4305 -3.1951 0.7207
4.4357 -3.1951 0.7207
4.4409 -3.1951 0.7207
4.4461 -3.1951 0.7207
4.4513 -3.1951 0.7207
4.4565 -3.1951 0.7207
4.4617 -3.1951 0.7207
4.4669 -3.1951 0.7207
4.4721 -3.1951 0.7207
4.4773 -3.1951 0.7207
4.4825 -3.1951 0.7207
4.4877 -3.2039 0.70822
4.4929 -3.2134 0.69554
4.4981 -3.2134 0.69554
4.5033 -3.2134 0.69554
4.5085 -3.2134 0.69554
4.5137 -3.2085 0.7019
4.5189 -3.2134 0.69554
4.5241 -3.2134 0.69554
4.5293 -3.2134 0.69554
4.5345 -3.2134 0.69554
4.5397 -3.2134 0.69554
4.5449 -3.2134 0.69554
4.5501 -3.2134 0.69554
4.5553 -3.2134 0.69554
4.5605 -3.2073 0.70135
4.5657 -3.2085 0.7019
4.5709 -3.2134 0.69554
4.5761 -3.2134 0.69554
4.5813 -3.2016 0.6943
4.5865 -3.2134 0.69554
4.5917 -3.2134 0.69554
4.5969 -3.2134 0.69554
4.6021 -3.2134 0.69554
4.6073 -3.2099 0.70196
4.6125 -3.2134 0.69554
4.6177 -3.2134 0.69554
4.6229 -3.2134 0.69554
4.6281 -3.2604 0.71992
4.6333 -3.2827 0.74171
4.6385 -3.2827 0.74171
4.6437 -3.2827 0.74171
4.6489 -3.2827 0.74171
4.6541 -3.2604 0.71992
4.6593 -3.2827 0.74171
4.6645 -3.2604 0.71992
4.6697 -3.2827 0.74171
4.6749 -3.2827 0.74171
4.6801 -3.2827 0.74171
4.6853 -3.2827 0.74171
4.6905 -3.2827 0.74171
4.6957 -3.2827 0.74171
4.7009 -3.2827 0.74171
4.7061 -3.2827 0.74171
4.7113 -3.2827 0.74171
4.7165 -3.352 0.77833
4.7217 -3.352 0.77833
4.7269 -3.352 0.77833
