5.2e-05 0 0
0.005252 0 0
0.010452 -0.0013443 0.0030255
0.015652 -0.0017917 0.0031336
0.020852 -0.0017917 0.0031336
0.026052 -0.0017917 0.0031336
0.031252 -0.0017917 0.0031336
0.036452 -0.0017917 0.0031336
0.041652 -0.0017917 0.0031336
0.046852 -0.0017917 0.0031336
0.052052 -0.0022392 0.0031685
0.057252 -0.0022392 0.0031685
0.062452 -0.0045172 0.0097979
0.067652 -0.004979 0.011229
0.072852 -0.0067891 0.012523
0.078052 -0.0077005 0.013574
0.083252 -0.0077005 0.013574
0.088452 -0.0099794 0.015669
0.093652 -0.011367 0.017975
0.098852 -0.011367 0.017975
0.10405 -0.011819 0.017965
0.10925 -0.011819 0.017965
0.11445 -0.012716 0.017528
0.11965 -0.013157 0.016805
0.12485 -0.014062 0.016799
0.13005 -0.014062 0.016799
0.13525 -0.014062 0.016799
0.14045 -0.014971 0.017008
0.14565 -0.014971 0.017008
0.15085 -0.015878 0.017044
0.15605 -0.015878 0.017044
0.16125 -0.016791 0.017412
0.16645 -0.016791 0.017412
0.17165 -0.017692 0.016931
0.17685 -0.018142 0.016597
0.18205 -0.018142 0.016597
0.18725 -0.018142 0.016597
0.19245 -0.018591 0.016243
0.19765 -0.019045 0.016148
0.20285 -0.019492 0.015614
0.20805 -0.019948 0.015633
0.21325 -0.020849 0.014884
0.21845 -0.021306 0.015013
0.22365 -0.021306 0.015013
0.22885 -0.02176 0.014817
0.23405 -0.022686 0.01577
0.23925 -0.023137 0.015393
0.24445 -0.024498 0.014595
0.24965 -0.025886 0.015661
0.25485 -0.026339 0.015324
0.26005 -0.027267 0.016092
0.26525 -0.027267 0.016092
0.27045 -0.027267 0.016092
0.27565 -0.026803 0.015714
0.28085 -0.02817 0.015005
0.28605 -0.028632 0.015197
0.29125 -0.029085 0.014756
0.29645 -0.029085 0.014756
0.30165 -0.028615 0.013885
0.30685 -0.030478 0.015664
0.31205 -0.031416 0.016908
0.31725 -0.032355 0.018012
0.32245 -0.032355 0.018012
0.32765 -0.033303 0.019526
0.33285 -0.033303 0.019526
0.33805 -0.033781 0.020412
0.34325 -0.034733 0.02193
0.34845 -0.035189 0.021589
0.35365 -0.035189 0.021589
0.35885 -0.036106 0.021184
0.36405 -0.038901 0.021922
0.36925 -0.040315 0.022955
0.37445 -0.042159 0.02215
0.37965 -0.043583 0.023396
0.38485 -0.044533 0.024212
0.39005 -0.044993 0.023887
0.39525 -0.046436 0.025788
0.40045 -0.047345 0.024632
0.40565 -0.048747 0.024451
0.41085 -0.049684 0.02445
0.41605 -0.053899 0.023714
0.42125 -0.05486 0.024588
0.42645 -0.056246 0.023212
0.43165 -0.056246 0.023212
0.43685 -0.059102 0.024075
0.44205 -0.061499 0.025283
0.44725 -0.061499 0.025283
0.45245 -0.064399 0.027335
0.45765 -0.065367 0.027976
0.46285 -0.067751 0.027907
0.46805 -0.07252 0.027172
0.47325 -0.074917 0.026951
0.47845 -0.077339 0.02751
0.48365 -0.077339 0.02751
0.48885 -0.079269 0.027499
0.49405 -0.079294 0.028462
0.49925 -0.085525 0.025644
0.50445 -0.087903 0.023147
0.50965 -0.089385 0.024015
0.51485 -0.091889 0.026682
0.52005 -0.096832 0.028241
0.52525 -0.10276 0.028594
0.53045 -0.1067 0.027809
0.53565 -0.10772 0.028706
0.54085 -0.11117 0.027561
0.54605 -0.11709 0.024017
0.55125 -0.12202 0.018446
0.55645 -0.12409 0.021231
0.56165 -0.12809 0.018322
0.56685 -0.13062 0.018128
0.57205 -0.13422 0.019648
0.57725 -0.13632 0.022768
0.58245 -0.13991 0.023144
0.58765 -0.14507 0.023465
0.59285 -0.15238 0.026223
0.59805 -0.15497 0.025554
0.60325 -0.15653 0.025445
0.60845 -0.15867 0.027521
0.61365 -0.15817 0.028645
0.61885 -0.15876 0.030921
0.62405 -0.16401 0.031056
0.62925 -0.16866 0.027547
0.63445 -0.17081 0.02892
0.63965 -0.17342 0.027598
0.64485 -0.17606 0.02691
0.65005 -0.18031 0.026181
0.65525 -0.18303 0.027988
0.66045 -0.19272 0.027698
0.66565 -0.20044 0.032277
0.67085 -0.20559 0.03932
0.67605 -0.21021 0.045404
0.68125 -0.21296 0.045429
0.68645 -0.2163 0.045979
0.69165 -0.2196 0.045157
0.69685 -0.22242 0.046378
0.70205 -0.22754 0.048466
0.70725 -0.22935 0.051433
0.71245 -0.23643 0.057976
0.71765 -0.24115 0.061858
0.72285 -0.24337 0.060838
0.72805 -0.24847 0.06026
0.73325 -0.2514 0.061422
0.73845 -0.2514 0.061422
0.74365 -0.25558 0.064302
0.74885 -0.26195 0.064575
0.75405 -0.27641 0.072162
0.75925 -0.2801 0.074661
0.76445 -0.28424 0.074708
0.76965 -0.28744 0.078224
0.77485 -0.29265 0.084598
0.78005 -0.29643 0.087166
0.78525 -0.30066 0.095368
0.79045 -0.30828 0.099939
0.79565 -0.31334 0.10228
0.80085 -0.31561 0.10045
0.80605 -0.31507 0.10129
0.81125 -0.31758 0.10199
0.81645 -0.32207 0.10414
0.82165 -0.32399 0.10486
0.82685 -0.32641 0.10457
0.83205 -0.32936 0.10988
0.83725 -0.33228 0.11472
0.84245 -0.33158 0.11374
0.84765 -0.33583 0.11283
0.85285 -0.34343 0.12047
0.85805 -0.34328 0.11888
0.86325 -0.34393 0.11898
0.86845 -0.34921 0.12154
0.87365 -0.35533 0.11966
0.87885 -0.35937 0.12187
0.88405 -0.36093 0.11844
0.88925 -0.36607 0.11883
0.89445 -0.36988 0.11831
0.89965 -0.37131 0.1196
0.90485 -0.37439 0.11826
0.91005 -0.38877 0.11893
0.91525 -0.39589 0.11778
0.92045 -0.39885 0.12074
0.92565 -0.40457 0.12464
0.93085 -0.40926 0.11891
0.93605 -0.41211 0.1207
0.94125 -0.41756 0.12162
0.94645 -0.42651 0.12314
0.95165 -0.42953 0.11962
0.95685 -0.43298 0.11974
0.96205 -0.43818 0.12331
0.96725 -0.44406 0.12673
0.97245 -0.45099 0.12721
0.97765 -0.4515 0.13193
0.98285 -0.45836 0.14916
0.98805 -0.45813 0.14718
0.99325 -0.46469 0.15525
0.99845 -0.47198 0.1519
1.0037 -0.4828 0.17034
1.0089 -0.48819 0.17362
1.0141 -0.49018 0.17243
1.0193 -0.4976 0.17955
1.0245 -0.50755 0.189
1.0297 -0.52024 0.19075
1.0349 -0.5294 0.18715
1.0401 -0.53535 0.18643
1.0453 -0.54307 0.18247
1.0505 -0.54664 0.18086
1.0557 -0.54817 0.18079
1.0609 -0.55699 0.19473
1.0661 -0.55782 0.18982
1.0713 -0.56384 0.19483
1.0765 -0.56835 0.18843
1.0817 -0.57052 0.18735
1.0869 -0.57668 0.19175
1.0921 -0.58459 0.19144
1.0973 -0.59025 0.19169
1.1025 -0.59584 0.19143
1.1077 -0.60403 0.20869
1.1129 -0.61371 0.21251
1.1181 -0.61746 0.2108
1.1233 -0.61963 0.20926
1.1285 -0.62253 0.20718
1.1337 -0.62839 0.21348
1.1389 -0.63354 0.20979
1.1441 -0.64146 0.21779
1.1493 -0.65283 0.21499
1.1545 -0.66334 0.21615
1.1597 -0.67003 0.21479
1.1649 -0.67427 0.21413
1.1701 -0.67595 0.21376
1.1753 -0.68222 0.21439
1.1805 -0.68445 0.21689
1.1857 -0.69163 0.21741
1.1909 -0.6994 0.21613
1.1961 -0.70363 0.21483
1.2013 -0.71404 0.21246
1.2065 -0.71843 0.21162
1.2117 -0.72447 0.20545
1.2169 -0.72992 0.20057
1.2221 -0.73259 0.20008
1.2273 -0.738 0.19942
1.2325 -0.74757 0.19556
1.2377 -0.75036 0.19542
1.2429 -0.75372 0.19315
1.2481 -0.75468 0.18821
1.2533 -0.75745 0.1879
1.2585 -0.77294 0.19783
1.2637 -0.7793 0.19559
1.2689 -0.78744 0.19203
1.2741 -0.79824 0.19164
1.2793 -0.80321 0.19164
1.2845 -0.80496 0.19061
1.2897 -0.81907 0.18547
1.2949 -0.826 0.18468
1.3001 -0.82854 0.18191
1.3053 -0.8304 0.18083
1.3105 -0.83312 0.1787
1.3157 -0.83792 0.18254
1.3209 -0.84902 0.18108
1.3261 -0.86326 0.18469
1.3313 -0.86771 0.18673
1.3365 -0.87072 0.18563
1.3417 -0.87498 0.18552
1.3469 -0.87489 0.18502
1.3521 -0.88008 0.18423
1.3573 -0.87942 0.17974
1.3625 -0.87914 0.17825
1.3677 -0.8834 0.17893
1.3729 -0.8834 0.17893
1.3781 -0.88815 0.16918
1.3833 -0.89022 0.16857
1.3885 -0.89289 0.16497
1.3937 -0.89365 0.16281
1.3989 -0.89182 0.16511
1.4041 -0.89459 0.16198
1.4093 -0.90358 0.16351
1.4145 -0.90746 0.16016
1.4197 -0.90897 0.16354
1.4249 -0.91499 0.17581
1.4301 -0.91588 0.17454
1.4353 -0.91803 0.17398
1.4405 -0.92317 0.17123
1.4457 -0.92743 0.16965
1.4509 -0.92923 0.16696
1.4561 -0.94215 0.17021
1.4613 -0.94512 0.16731
1.4665 -0.94612 0.16639
1.4717 -0.94933 0.1648
1.4769 -0.95688 0.16895
1.4821 -0.96017 0.16766
1.4873 -0.96448 0.16534
1.4925 -0.96667 0.16434
1.4977 -0.97401 0.17582
1.5029 -0.97543 0.1775
1.5081 -0.98113 0.17612
1.5133 -0.98826 0.17587
1.5185 -0.99003 0.18016
1.5237 -0.99003 0.18016
1.5289 -0.99196 0.17756
1.5341 -0.99385 0.17465
1.5393 -0.99481 0.17323
1.5445 -1.001 0.17395
1.5497 -1.0046 0.1738
1.5549 -1.0046 0.1738
1.5601 -1.0046 0.1738
1.5653 -1.0057 0.17332
1.5705 -1.0142 0.16409
1.5757 -1.0113 0.1689
1.5809 -1.0277 0.16426
1.5861 -1.0426 0.15508
1.5913 -1.0439 0.15542
1.5965 -1.046 0.15163
1.6017 -1.0671 0.17581
1.6069 -1.0816 0.18629
1.6121 -1.0816 0.18629
1.6173 -1.0797 0.18233
1.6225 -1.0816 0.18629
1.6277 -1.083 0.18666
1.6329 -1.0849 0.19078
1.6381 -1.0886 0.18898
1.6433 -1.0902 0.19111
1.6485 -1.0982 0.20916
1.6537 -1.0967 0.20822
1.6589 -1.0995 0.20866
1.6641 -1.0995 0.20866
1.6693 -1.0995 0.20866
1.6745 -1.0995 0.20866
1.6797 -1.0995 0.20866
1.6849 -1.0995 0.20866
1.6901 -1.1041 0.20505
1.6953 -1.1045 0.19875
1.7005 -1.1068 0.19685
1.7057 -1.1024 0.19364
1.7109 -1.1036 0.19307
1.7161 -1.1056 0.19773
1.7213 -1.1103 0.20196
1.7265 -1.1118 0.20275
1.7317 -1.1145 0.20287
1.7369 -1.1119 0.20337
1.7421 -1.1133 0.20349
1.7473 -1.1158 0.20241
1.7525 -1.1199 0.20223
1.7577 -1.1272 0.20519
1.7629 -1.1403 0.22659
1.7681 -1.1491 0.22187
1.7733 -1.156 0.22075
1.7785 -1.1628 0.21952
1.7837 -1.1702 0.22049
1.7889 -1.1693 0.21508
1.7941 -1.17 0.21962
1.7993 -1.1776 0.2308
1.8045 -1.1763 0.23171
1.8097 -1.1798 0.2439
1.8149 -1.1839 0.2424
1.8201 -1.1867 0.24211
1.8253 -1.1882 0.2421
1.8305 -1.191 0.23618
1.8357 -1.1898 0.23721
1.8409 -1.1926 0.2368
1.8461 -1.1925 0.23644
1.8513 -1.1971 0.23698
1.8565 -1.1959 0.23821
1.8617 -1.1971 0.23698
1.8669 -1.1971 0.23698
1.8721 -1.2035 0.23953
1.8773 -1.2035 0.23953
1.8825 -1.2059 0.23715
1.8877 -1.2122 0.23182
1.8929 -1.2171 0.22711
1.8981 -1.2199 0.22594
1.9033 -1.2253 0.22287
1.9085 -1.2253 0.22287
1.9137 -1.231 0.22103
1.9189 -1.2339 0.21984
1.9241 -1.2353 0.21937
1.9293 -1.2422 0.22329
1.9345 -1.2408 0.2238
1.9397 -1.2422 0.22329
1.9449 -1.2407 0.2237
1.9501 -1.2407 0.2237
1.9553 -1.2422 0.22329
1.9605 -1.2451 0.2137
1.9657 -1.2491 0.2191
1.9709 -1.2491 0.2191
1.9761 -1.2491 0.2191
1.9813 -1.2491 0.2191
1.9865 -1.2505 0.21873
1.9917 -1.2601 0.21963
1.9969 -1.2616 0.21907
2.0021 -1.2685 0.22208
2.0073 -1.267 0.22269
2.0125 -1.2671 0.22304
2.0177 -1.2748 0.22174
2.0229 -1.2777 0.22047
2.0281 -1.2793 0.22059
2.0333 -1.281 0.22083
2.0385 -1.2778 0.22085
2.0437 -1.2793 0.22059
2.0489 -1.281 0.22083
2.0541 -1.281 0.22083
2.0593 -1.28 0.2231
2.0645 -1.281 0.22083
2.0697 -1.281 0.22083
2.0749 -1.3005 0.24295
2.0801 -1.3136 0.2297
2.0853 -1.3136 0.2297
2.0905 -1.3136 0.2297
2.0957 -1.3136 0.2297
2.1009 -1.3136 0.2297
2.1061 -1.3136 0.2297
2.1113 -1.3136 0.2297
2.1165 -1.3164 0.22754
2.1217 -1.3227 0.21908
2.1269 -1.3264 0.21031
2.1321 -1.3451 0.22076
2.1373 -1.3451 0.22076
2.1425 -1.342 0.22254
2.1477 -1.3451 0.22076
2.1529 -1.349 0.22337
2.1581 -1.3531 0.22678
2.1633 -1.3531 0.22678
2.1685 -1.3514 0.22713
2.1737 -1.351 0.22497
2.1789 -1.3525 0.22409
2.1841 -1.3588 0.22132
2.1893 -1.3588 0.22132
2.1945 -1.3588 0.22132
2.1997 -1.3588 0.22132
2.2049 -1.3538 0.22236
2.2101 -1.3604 0.22073
2.2153 -1.3657 0.22096
2.2205 -1.3636 0.21924
2.2257 -1.3657 0.22096
2.2309 -1.3657 0.22096
2.2361 -1.3645 0.22327
2.2413 -1.3784 0.22241
2.2465 -1.3844 0.2174
2.2517 -1.4 0.24669
2.2569 -1.4025 0.24949
2.2621 -1.4136 0.25068
2.2673 -1.4378 0.25921
2.2725 -1.4378 0.25921
2.2777 -1.4378 0.25921
2.2829 -1.4357 0.25839
2.2881 -1.4378 0.25921
2.2933 -1.4378 0.25921
2.2985 -1.4378 0.25921
2.3037 -1.4442 0.27367
2.3089 -1.4502 0.28715
2.3141 -1.4547 0.28352
2.3193 -1.4547 0.28352
2.3245 -1.4563 0.28254
2.3297 -1.4598 0.28143
2.3349 -1.4634 0.28035
2.3401 -1.4602 0.28253
2.3453 -1.4619 0.28195
2.3505 -1.4647 0.27805
2.3557 -1.4703 0.27718
2.3609 -1.4728 0.27279
2.3661 -1.4699 0.27624
2.3713 -1.4741 0.27062
2.3765 -1.4741 0.27062
2.3817 -1.474 0.27021
2.3869 -1.4797 0.26994
2.3921 -1.4841 0.27219
2.3973 -1.4886 0.26713
2.4025 -1.4972 0.2705
2.4077 -1.4997 0.27264
2.4129 -1.5111 0.26975
2.4181 -1.5151 0.26986
2.4233 -1.5151 0.26986
2.4285 -1.511 0.26939
2.4337 -1.5178 0.26519
2.4389 -1.5279 0.26509
2.4441 -1.5254 0.26376
2.4493 -1.5292 0.26276
2.4545 -1.5292 0.26276
2.4597 -1.5331 0.26173
2.4649 -1.5458 0.25461
2.4701 -1.5524 0.25591
2.4753 -1.5524 0.25591
2.4805 -1.5505 0.25674
2.4857 -1.5574 0.25063
2.4909 -1.5593 0.24972
2.4961 -1.563 0.24728
2.5013 -1.5651 0.24697
2.5065 -1.5651 0.24697
2.5117 -1.5729 0.25364
2.5169 -1.573 0.25445
2.5221 -1.5713 0.25595
2.5273 -1.5713 0.25595
2.5325 -1.5676 0.25813
2.5377 -1.5761 0.25841
2.5429 -1.5716 0.25707
2.5481 -1.5761 0.25841
2.5533 -1.5761 0.25841
2.5585 -1.5756 0.25651
2.5637 -1.5756 0.25651
2.5689 -1.5733 0.2561
2.5741 -1.5778 0.25689
2.5793 -1.5751 0.25405
2.5845 -1.5778 0.25689
2.5897 -1.5778 0.25689
2.5949 -1.5865 0.25696
2.6001 -1.5865 0.25696
2.6053 -1.5865 0.25696
2.6105 -1.5997 0.29191
2.6157 -1.5979 0.2934
2.6209 -1.5997 0.29191
2.6261 -1.6022 0.29293
2.6313 -1.6043 0.29235
2.6365 -1.609 0.29358
2.6417 -1.609 0.29358
2.6469 -1.6185 0.29578
2.6521 -1.6185 0.29578
2.6573 -1.6253 0.28908
2.6625 -1.6267 0.28659
2.6677 -1.6267 0.28659
2.6729 -1.6225 0.28707
2.6781 -1.6253 0.28908
2.6833 -1.6282 0.28413
2.6885 -1.6328 0.27685
2.6937 -1.6303 0.27607
2.6989 -1.6328 0.27685
2.7041 -1.6328 0.27685
2.7093 -1.6307 0.27769
2.7145 -1.6328 0.27685
2.7197 -1.6328 0.27685
2.7249 -1.6307 0.27769
2.7301 -1.6328 0.27685
2.7353 -1.631 0.27866
2.7405 -1.6305 0.27699
2.7457 -1.6328 0.27685
2.7509 -1.6328 0.27685
2.7561 -1.631 0.27866
2.7613 -1.6346 0.27513
2.7665 -1.6482 0.26567
2.7717 -1.646 0.26596
2.7769 -1.646 0.26596
2.7821 -1.646 0.26596
2.7873 -1.6525 0.26409
2.7925 -1.6549 0.26425
2.7977 -1.6569 0.26316
2.8029 -1.6569 0.26316
2.8081 -1.6587 0.26116
2.8133 -1.6682 0.25243
2.8185 -1.6723 0.24972
2.8237 -1.6723 0.24972
2.8289 -1.6701 0.25027
2.8341 -1.6723 0.24972
2.8393 -1.6703 0.25101
2.8445 -1.6723 0.24972
2.8497 -1.6723 0.24972
2.8549 -1.6703 0.25101
2.8601 -1.6703 0.25101
2.8653 -1.6723 0.24972
2.8705 -1.6723 0.24972
2.8757 -1.6794 0.24931
2.8809 -1.6819 0.24964
2.8861 -1.6791 0.248
2.8913 -1.685 0.2437
2.8965 -1.6858 0.2376
2.9017 -1.697 0.24503
2.9069 -1.6978 0.24908
2.9121 -1.6978 0.24908
2.9173 -1.696 0.23865
2.9225 -1.7001 0.24825
2.9277 -1.7001 0.24825
2.9329 -1.6976 0.24812
2.9381 -1.7001 0.24825
2.9433 -1.6978 0.24908
2.9485 -1.6976 0.24812
2.9537 -1.7001 0.24825
2.9589 -1.7001 0.24825
2.9641 -1.7001 0.24825
2.9693 -1.7052 0.2493
2.9745 -1.7212 0.25429
2.9797 -1.7181 0.25144
2.9849 -1.7369 0.24661
2.9901 -1.744 0.24439
2.9953 -1.7489 0.24332
3.0005 -1.7473 0.24661
3.0057 -1.7473 0.24661
3.0109 -1.7527 0.23458
3.0161 -1.769 0.24044
3.0213 -1.769 0.24044
3.0265 -1.769 0.24044
3.0317 -1.769 0.24044
3.0369 -1.769 0.24044
3.0421 -1.769 0.24044
3.0473 -1.769 0.24044
3.0525 -1.769 0.24044
3.0577 -1.769 0.24044
3.0629 -1.7724 0.2335
3.0681 -1.7724 0.2335
3.0733 -1.7724 0.2335
3.0785 -1.7724 0.2335
3.0837 -1.7699 0.23422
3.0889 -1.7759 0.22663
3.0941 -1.7759 0.22663
3.0993 -1.7759 0.22663
3.1045 -1.7759 0.22663
3.1097 -1.7732 0.2261
3.1149 -1.7766 0.23001
3.1201 -1.7877 0.23263
3.1253 -1.7877 0.23263
3.1305 -1.7895 0.22922
3.1357 -1.7951 0.21922
3.1409 -1.7935 0.20958
3.1461 -1.8031 0.21907
3.1513 -1.8099 0.21248
3.1565 -1.8229 0.20892
3.1617 -1.8224 0.20662
3.1669 -1.8249 0.20511
3.1721 -1.8221 0.20524
3.1773 -1.8221 0.20524
3.1825 -1.8249 0.20511
3.1877 -1.8249 0.20511
3.1929 -1.8249 0.20511
3.1981 -1.8249 0.20511
3.2033 -1.8354 0.20197
3.2085 -1.8354 0.20197
3.2137 -1.8449 0.19312
3.2189 -1.8449 0.19312
3.2241 -1.8449 0.19312
3.2293 -1.8567 0.19556
3.2345 -1.8685 0.19718
3.2397 -1.8774 0.19825
3.2449 -1.8949 0.21283
3.2501 -1.907 0.21513
3.2553 -1.9357 0.25609
3.2605 -1.9357 0.25609
3.2657 -1.954 0.25406
3.2709 -1.9657 0.26558
3.2761 -1.9657 0.26558
3.2813 -1.9657 0.26558
3.2865 -1.9756 0.26658
3.2917 -1.9914 0.27922
3.2969 -2.0207 0.28525
3.3021 -2.0207 0.28525
3.3073 -2.0167 0.28214
3.3125 -2.0207 0.28525
3.3177 -2.0207 0.28525
3.3229 -2.0207 0.28525
3.3281 -2.0207 0.28525
3.3333 -2.0207 0.28525
3.3385 -2.0207 0.28525
3.3437 -2.0259 0.2797
3.3489 -2.0431 0.26752
3.3541 -2.0876 0.2398
3.3593 -2.1063 0.21167
3.3645 -2.1124 0.20541
3.3697 -2.1124 0.20541
3.3749 -2.1124 0.20541
3.3801 -2.1124 0.20541
3.3853 -2.1124 0.20541
3.3905 -2.1124 0.20541
3.3957 -2.1124 0.20541
3.4009 -2.1124 0.20541
3.4061 -2.1699 0.27241
3.4113 -2.1971 0.32831
3.4165 -2.1971 0.32831
3.4217 -2.1972 0.32855
3.4269 -2.1968 0.32738
3.4321 -2.2105 0.31955
3.4373 -2.2105 0.31955
3.4425 -2.2222 0.30577
3.4477 -2.2222 0.30577
3.4529 -2.2309 0.30736
3.4581 -2.2274 0.30948
3.4633 -2.2492 0.31289
3.4685 -2.2587 0.31674
3.4737 -2.2721 0.30467
3.4789 -2.2721 0.30467
3.4841 -2.2721 0.30467
3.4893 -2.2721 0.30467
3.4945 -2.2721 0.30467
3.4997 -2.2721 0.30467
3.5049 -2.2721 0.30467
3.5101 -2.2685 0.30733
3.5153 -2.2721 0.30467
3.5205 -2.2721 0.30467
3.5257 -2.2721 0.30467
3.5309 -2.2826 0.31194
3.5361 -2.2944 0.32394
3.5413 -2.2944 0.32394
3.5465 -2.2944 0.32394
3.5517 -2.2944 0.32394
3.5569 -2.2944 0.32394
3.5621 -2.2944 0.32394
3.5673 -2.3008 0.31679
3.5725 -2.2993 0.31195
3.5777 -2.3028 0.30894
3.5829 -2.3077 0.31045
3.5881 -2.3077 0.31045
3.5933 -2.3077 0.31045
3.5985 -2.3077 0.31045
3.6037 -2.3176 0.29906
3.6089 -2.3211 0.29568
3.6141 -2.3211 0.29568
3.6193 -2.3211 0.29568
3.6245 -2.3211 0.29568
3.6297 -2.3285 0.28983
3.6349 -2.3498 0.2833
3.6401 -2.3653 0.28849
3.6453 -2.4058 0.33723
3.6505 -2.4058 0.33723
3.6557 -2.4058 0.33723
3.6609 -2.4058 0.33723
3.6661 -2.4058 0.33723
3.6713 -2.3978 0.32419
3.6765 -2.4058 0.33723
3.6817 -2.4058 0.33723
3.6869 -2.4058 0.33723
3.6921 -2.4058 0.33723
3.6973 -2.4281 0.34526
3.7025 -2.4221 0.34166
3.7077 -2.4221 0.34166
3.7129 -2.4221 0.34166
3.7181 -2.4504 0.35154
3.7233 -2.4504 0.35154
3.7285 -2.4504 0.35154
3.7337 -2.4504 0.35154
3.7389 -2.4712 0.36958
3.7441 -2.4792 0.37936
3.7493 -2.4757 0.38361
3.7545 -2.4757 0.38361
3.7597 -2.4757 0.38361
3.7649 -2.4792 0.37936
3.7701 -2.4792 0.37936
3.7753 -2.4792 0.37936
3.7805 -2.4792 0.37936
3.7857 -2.4792 0.37936
3.7909 -2.4792 0.37936
3.7961 -2.4792 0.37936
3.8013 -2.4792 0.37936
3.8065 -2.4828 0.37525
3.8117 -2.4946 0.36414
3.8169 -2.4897 0.36563
3.8221 -2.4886 0.36196
3.8273 -2.4905 0.3676
3.8325 -2.4946 0.36414
3.8377 -2.4946 0.36414
3.8429 -2.4946 0.36414
3.8481 -2.4946 0.36414
3.8533 -2.4946 0.36414
3.8585 -2.5352 0.43356
3.8637 -2.5317 0.43778
3.8689 -2.5352 0.43356
3.8741 -2.5352 0.43356
3.8793 -2.5352 0.43356
3.8845 -2.5303 0.43532
3.8897 -2.5352 0.43356
3.8949 -2.5534 0.45515
3.9001 -2.5844 0.49723
3.9053 -2.6163 0.53644
3.9105 -2.6163 0.53644
3.9157 -2.6163 0.53644
3.9209 -2.6163 0.53644
3.9261 -2.6163 0.53644
3.9313 -2.6127 0.54044
3.9365 -2.6045 0.52001
3.9417 -2.6102 0.53649
3.9469 -2.6163 0.53644
3.9521 -2.6163 0.53644
3.9573 -2.6163 0.53644
3.9625 -2.6127 0.54044
3.9677 -2.6163 0.53644
3.9729 -2.6163 0.53644
3.9781 -2.6235 0.5577
3.9833 -2.6856 0.6679
3.9885 -2.6856 0.6679
3.9937 -2.6856 0.6679
3.9989 -2.6633 0.62019
4.0041 -2.6856 0.6679
4.0093 -2.7108 0.70766
4.0145 -2.7549 0.77054
4.0197 -2.7549 0.77054
4.0249 -2.7488 0.77179
4.0301 -2.7549 0.77054
4.0353 -2.7549 0.77054
4.0405 -2.7431 0.76159
4.0457 -2.7549 0.77054
4.0509 -2.7549 0.77054
4.0561 -2.7549 0.77054
4.0613 -2.7549 0.77054
4.0665 -2.7888 0.74492
4.0717 -2.8173 0.73417
4.0769 -2.8316 0.7331
4.0821 -2.8396 0.73372
4.0873 -2.8347 0.73701
4.0925 -2.8684 0.73062
4.0977 -2.8684 0.73062
4.1029 -2.8684 0.73062
4.1081 -2.8684 0.73062
4.1133 -2.8684 0.73062
4.1185 -2.8838 0.71355
4.1237 -2.8838 0.71355
4.1289 -2.8838 0.71355
4.1341 -2.8838 0.71355
4.1393 -2.8838 0.71355
4.1445 -2.8838 0.71355
4.1497 -2.8797 0.71779
4.1549 -2.8838 0.71355
4.1601 -2.8838 0.71355
4.1653 -2.8838 0.71355
4.1705 -2.8803 0.71802
4.1757 -2.8881 0.70936
4.1809 -2.902 0.69723
4.1861 -2.902 0.69723
4.1913 -2.902 0.69723
4.1965 -2.902 0.69723
4.2017 -2.902 0.69723
4.2069 -2.8903 0.69012
4.2121 -2.902 0.69723
4.2173 -2.902 0.69723
4.2225 -2.902 0.69723
4.2277 -2.902 0.69723
4.2329 -2.902 0.69723
4.2381 -2.902 0.69723
4.2433 -2.902 0.69723
4.2485 -2.902 0.69723
4.2537 -2.902 0.69723
4.2589 -2.8985 0.70191
4.2641 -2.902 0.69723
4.2693 -2.8972 0.70117
4.2745 -2.902 0.69723
4.2797 -2.902 0.69723
4.2849 -2.902 0.69723
4.2901 -2.902 0.69723
4.2953 -2.902 0.69723
4.3005 -2.902 0.69723
4.3057 -2.902 0.69723
4.3109 -2.902 0.69723
4.3161 -2.9203 0.67534
4.3213 -2.9426 0.71049
4.3265 -2.9426 0.71049
4.3317 -2.958 0.69109
4.3369 -2.958 0.69109
4.3421 -2.9413 0.68934
4.3473 -2.958 0.69109
4.3525 -2.958 0.69109
4.3577 -2.958 0.69109
4.3629 -2.958 0.69109
4.3681 -2.958 0.69109
4.3733 -2.958 0.69109
4.3785 -2.958 0.69109
4.3837 -2.9519 0.69446
4.3889 -2.9531 0.6955
4.3941 -2.958 0.69109
4.3993 -2.958 0.69109
4.4045 -2.9539 0.69595
4.4097 -2.958 0.69109
4.4149 -2.958 0.69109
4.4201 -2.958 0.69109
4.4253 -2.958 0.69109
4.4305 -2.958 0.69109
4.4357 -2.958 0.69109
4.4409 -2.958 0.69109
4.4461 -2.958 0.69109
4.4513 -2.958 0.69109
4.4565 -2.958 0.69109
4.4617 -2.9531 0.6955
4.4669 -2.9462 0.68498
4.4721 -2.958 0.69109
4.4773 -2.9631 0.6868
4.4825 -2.9421 0.63804
4.4877 -2.9685 0.66924
4.4929 -2.9685 0.66924
4.4981 -2.9605 0.67028
4.5033 -2.9685 0.66924
4.5085 -2.9742 0.67873
4.5137 -2.9762 0.68018
4.5189 -2.9803 0.67506
4.5241 -2.9803 0.67506
4.5293 -2.9985 0.67592
4.5345 -2.9985 0.67592
4.5397 -3.0091 0.67865
4.5449 -3.0209 0.68361
4.5501 -3.0209 0.68361
4.5553 -3.0209 0.68361
4.5605 -3.0209 0.68361
4.5657 -3.0209 0.68361
4.5709 -3.0209 0.68361
4.5761 -3.0209 0.68361
4.5813 -3.0209 0.68361
4.5865 -3.0209 0.68361
4.5917 -3.0209 0.68361
4.5969 -3.0209 0.68361
4.6021 -3.0209 0.68361
4.6073 -3.0209 0.68361
4.6125 -3.0209 0.68361
4.6177 -3.0391 0.66238
4.6229 -3.0391 0.66238
4.6281 -3.0391 0.66238
4.6333 -3.0391 0.66238
4.6385 -3.0391 0.66238
4.6437 -3.0391 0.66238
4.6489 -3.0391 0.66238
4.6541 -3.0391 0.66238
4.6593 -3.0391 0.66238
4.6645 -3.0391 0.66238
4.6697 -3.0391 0.66238
4.6749 -3.0391 0.66238
4.6801 -3.0342 0.66764
4.6853 -3.0391 0.66238
4.6905 -3.0391 0.66238
4.6957 -3.0391 0.66238
4.7009 -3.0391 0.66238
4.7061 -3.0391 0.66238
4.7113 -3.0342 0.66764
4.7165 -3.0391 0.66238
4.7217 -3.0391 0.66238
4.7269 -3.0433 0.65674
4.7321 -3.0573 0.63987
4.7373 -3.0573 0.63987
4.7425 -3.0573 0.63987
4.7477 -3.0573 0.63987
4.7529 -3.0573 0.63987
4.7581 -3.0524 0.64547
4.7633 -3.0573 0.63987
4.7685 -3.0573 0.63987
4.7737 -3.0524 0.64547
4.7789 -3.0573 0.63987
4.7841 -3.035 0.60532
4.7893 -3.0573 0.63987
4.7945 -3.0573 0.63987
4.7997 -3.0573 0.63987
4.8049 -3.0573 0.63987
4.8101 -3.0573 0.63987
4.8153 -3.0573 0.63987
4.8205 -3.0573 0.63987
4.8257 -3.0573 0.63987
4.8309 -3.035 0.60532
4.8361 -3.0573 0.63987
4.8413 -3.0524 0.64547
4.8465 -3.0573 0.63987
4.8517 -3.0573 0.63987
4.8569 -3.0573 0.63987
4.8621 -3.0573 0.63987
4.8673 -3.0573 0.63987
4.8725 -3.0573 0.63987
4.8777 -3.0573 0.63987
4.8829 -3.0573 0.63987
4.8881 -3.0573 0.63987
4.8933 -3.0573 0.63987
4.8985 -3.0573 0.63987
4.9037 -3.0573 0.63987
4.9089 -3.0573 0.63987
4.9141 -3.0573 0.63987
4.9193 -3.0573 0.63987
4.9245 -3.0513 0.64455
4.9297 -3.0638 0.6355
4.9349 -3.0707 0.63151
4.9401 -3.0861 0.62528
4.9453 -3.0812 0.63125
4.9505 -3.0861 0.62528
4.9557 -3.0812 0.63125
4.9609 -3.0861 0.62528
4.9661 -3.0861 0.62528
4.9713 -3.0861 0.62528
4.9765 -3.0861 0.62528
4.9817 -3.0861 0.62528
4.9869 -3.0861 0.62528
4.9921 -3.0861 0.62528
4.9973 -3.0861 0.62528
5.0025 -3.0812 0.63125
5.0077 -3.0861 0.62528
5.0129 -3.0861 0.62528
5.0181 -3.0743 0.62123
5.0233 -3.0861 0.62528
5.0285 -3.0781 0.62805
5.0337 -3.0861 0.62528
5.0389 -3.0861 0.62528
5.0441 -3.0861 0.62528
5.0493 -3.0861 0.62528
5.0545 -3.0861 0.62528
5.0597 -3.0861 0.62528
5.0649 -3.0861 0.62528
5.0701 -3.0812 0.63125
5.0753 -3.1372 0.58395
5.0805 -3.1372 0.58395
5.0857 -3.2065 0.59718
5.0909 -3.247 0.64056
5.0961 -3.247 0.64056
5.1013 -3.247 0.64056
5.1065 -3.247 0.64056
5.1117 -3.247 0.64056
5.1169 -3.247 0.64056
5.1221 -3.2557 0.6363
5.1273 -3.3163 0.60392
5.1325 -3.3046 0.60472
5.1377 -3.3083 0.61015
5.1429 -3.3163 0.60392
5.1481 -3.3163 0.60392
5.1533 -3.3163 0.60392
5.1585 -3.3163 0.60392
5.1637 -3.3163 0.60392
5.1689 -3.3163 0.60392
5.1741 -3.3163 0.60392
5.1793 -3.3163 0.60392
5.1845 -3.3163 0.60392
5.1897 -3.3163 0.60392
5.1949 -3.3163 0.60392
5.2001 -3.3163 0.60392
5.2053 -3.3163 0.60392
5.2105 -3.3326 0.57865
5.2157 -3.3387 0.57013
5.2209 -3.3387 0.57013
5.2261 -3.3387 0.57013
5.2313 -3.3307 0.57707
5.2365 -3.352 0.55323
5.2417 -3.3674 0.53721
5.2469 -3.3674 0.53721
5.2521 -3.3556 0.53935
5.2573 -3.3674 0.53721
5.2625 -3.3674 0.53721
5.2677 -3.3674 0.53721
5.2729 -3.3674 0.53721
5.2781 -3.3674 0.53721
5.2833 -3.3674 0.53721
5.2885 -3.3674 0.53721
5.2937 -3.3514 0.55264
5.2989 -3.3594 0.54504
5.3041 -3.3508 0.54894
5.3093 -3.3674 0.53721
5.3145 -3.3674 0.53721
5.3197 -3.3674 0.53721
5.3249 -3.3674 0.53721
5.3301 -3.3556 0.53935
5.3353 -3.3674 0.53721
5.3405 -3.3674 0.53721
5.3457 -3.3674 0.53721
5.3509 -3.3674 0.53721
5.3561 -3.3556 0.53935
5.3613 -3.3674 0.53721
5.3665 -3.4144 0.55408
5.3717 -3.4367 0.57551
5.3769 -3.4367 0.57551
5.3821 -3.4367 0.57551
5.3873 -3.4367 0.57551
5.3925 -3.4367 0.57551
5.3977 -3.4367 0.57551
5.4029 -3.4367 0.57551
5.4081 -3.4367 0.57551
5.4133 -3.4367 0.57551
5.4185 -3.4367 0.57551
5.4237 -3.4287 0.58389
5.4289 -3.4367 0.57551
5.4341 -3.4367 0.57551
5.4393 -3.4367 0.57551
5.4445 -3.4367 0.57551
5.4497 -3.4367 0.57551
5.4549 -3.455 0.56025
5.4601 -3.4773 0.54927
5.4653 -3.4773 0.54927
5.4705 -3.4655 0.55397
5.4757 -3.4773 0.54927
5.4809 -3.4773 0.54927
5.4861 -3.4773 0.54927
5.4913 -3.4773 0.54927
5.4965 -3.4724 0.55986
5.5017 -3.4773 0.54927
5.5069 -3.4773 0.54927
5.5121 -3.4693 0.55869
5.5173 -3.486 0.5402
5.5225 -3.4955 0.49835
5.5277 -3.5178 0.5182
5.5329 -3.5178 0.5182
5.5381 -3.5178 0.5182
5.5433 -3.5178 0.5182
5.5485 -3.5178 0.5182
5.5537 -3.5178 0.5182
5.5589 -3.5178 0.5182
5.5641 -3.5061 0.5242
5.5693 -3.5178 0.5182
5.5745 -3.5178 0.5182
5.5797 -3.5178 0.5182
5.5849 -3.5178 0.5182
5.5901 -3.5178 0.5182
5.5953 -3.5871 0.53664
5.6005 -3.5754 0.5441
5.6057 -3.5871 0.53664
5.6109 -3.5871 0.53664
5.6161 -3.5648 0.5208
5.6213 -3.5871 0.53664
5.6265 -3.5871 0.53664
5.6317 -3.5871 0.53664
5.6369 -3.5871 0.53664
5.6421 -3.5871 0.53664
5.6473 -3.5871 0.53664
5.6525 -3.5871 0.53664
5.6577 -3.5754 0.5441
5.6629 -3.5871 0.53664
5.6681 -3.5871 0.53664
5.6733 -3.5754 0.5441
5.6785 -3.5871 0.53664
5.6837 -3.5871 0.53664
5.6889 -3.5871 0.53664
5.6941 -3.5754 0.5441
5.6993 -3.5871 0.53664
5.7045 -3.6565 0.54476
5.7097 -3.6565 0.54476
5.7149 -3.6565 0.54476
5.7201 -3.6565 0.54476
5.7253 -3.6565 0.54476
5.7305 -3.6565 0.54476
5.7357 -3.6565 0.54476
5.7409 -3.6565 0.54476
5.7461 -3.6565 0.54476
5.7513 -3.6565 0.54476
5.7565 -3.6565 0.54476
5.7617 -3.6565 0.54476
5.7669 -3.6565 0.54476
5.7721 -3.6565 0.54476
5.7773 -Inf 0
5.7825 -Inf 0
5.7877 -Inf 0
5.7929 -Inf 0
5.7981 -Inf 0
5.8033 -Inf 0
5.8085 -Inf 0
5.8137 -Inf 0
5.8189 -Inf 0
5.8241 -Inf 0
5.8293 -Inf 0
5.8345 -Inf 0
5.8397 -Inf 0
